1 93.0
2 0.0
3 32.0
4 136.0
5 32.0
6 0.0
7 38.0
8 0.0
9 0.0
10 33.0
11 33.0
12 93.0
13 0.0
14 32.0
15 6.0
16 30.0
17 33.0
18 0.0
19 38.0
20 0.0
21 131.0
22 317.0
23 38.0
24 507.0
25 131.0
26 30.0
27 1.0
28 0.0
29 49.0
30 267.0
31 38.0
32 0.0
33 0.0
34 267.0
35 44.0
36 33.0
37 32.0
38 0.0
39 267.0
40 33.0
41 25.0
42 136.0
43 32.0
44 0.0
45 14.0
46 0.0
47 60.0
48 0.0
49 25.0
50 0.0
51 32.0
52 0.0
53 49.0
54 0.0
55 379.0
56 0.0
57 365.0
58 49.0
59 25.0
60 25.0
61 71.0
62 44.0
63 38.0
64 32.0
65 267.0
66 32.0
67 268.0
68 32.0
69 32.0
70 115.0
71 126.0
72 267.0
73 32.0
74 60.0
75 32.0
76 82.0
77 33.0
78 0.0
79 136.0
80 267.0
81 32.0
82 19.0
83 32.0
84 158.0
85 32.0
86 49.0
87 324.0
88 0.0
89 0.0
90 25.0
91 32.0
92 32.0
93 33.0
94 0.0
95 0.0
96 32.0
97 38.0
98 0.0
99 87.0
100 0.0
101 507.0
102 507.0
103 379.0
104 365.0
105 324.0
106 317.0
107 268.0
108 267.0
109 267.0
110 267.0
111 267.0
112 267.0
113 267.0
114 158.0
115 136.0
116 136.0
117 136.0
118 131.0
119 131.0
120 126.0
121 115.0
122 93.0
123 93.0
124 87.0
125 82.0
126 71.0
127 60.0
128 60.0
129 49.0
130 49.0
131 49.0
132 49.0
133 44.0
134 44.0
135 38.0
136 38.0
137 38.0
138 38.0
139 38.0
140 38.0
141 33.0
142 33.0
143 33.0
144 33.0
145 33.0
146 33.0
147 33.0
148 32.0
149 32.0
150 32.0
151 32.0
152 109.0
153 55.0
154 379.0
155 23.0
156 33.0
157 507.0
158 38.0
159 32.0
160 267.0
161 82.0
162 109.0
163 267.0
164 147.0
165 38.0
166 14.0
167 0.0
168 30.0
169 87.0
170 120.0
171 0.0
172 267.0
173 142.0
174 32.0
175 66.0
176 0.0
177 49.0
178 153.0
179 0.0
180 147.0
181 0.0
182 38.0
183 82.0
184 98.0
185 32.0
186 32.0
187 49.0
188 268.0
189 60.0
190 267.0
191 0.0
192 289.0
193 31.0
194 268.0
195 0.0
196 82.0
197 0.0
198 153.0
199 32.0
200 379.0
201 17.0
202 507.0
203 507.0
204 507.0
205 379.0
206 379.0
207 379.0
208 365.0
209 324.0
210 317.0
211 289.0
212 268.0
213 268.0
214 268.0
215 267.0
216 267.0
217 267.0
218 267.0
219 267.0
220 267.0
221 267.0
222 267.0
223 267.0
224 267.0
225 158.0
226 153.0
227 153.0
228 147.0
229 147.0
230 142.0
231 136.0
232 136.0
233 136.0
234 131.0
235 131.0
236 126.0
237 120.0
238 115.0
239 109.0
240 109.0
241 98.0
242 93.0
243 93.0
244 87.0
245 87.0
246 82.0
247 82.0
248 82.0
249 82.0
250 71.0
251 66.0
252 60.0
253 379.0
254 169.0
255 38.0
256 33.0
257 379.0
258 507.0
259 34.0
260 379.0
261 38.0
262 268.0
263 324.0
264 33.0
265 38.0
266 32.0
267 38.0
268 32.0
269 0.0
270 0.0
271 32.0
272 379.0
273 0.0
274 82.0
275 158.0
276 44.0
277 158.0
278 77.0
279 142.0
280 379.0
281 0.0
282 136.0
283 115.0
284 87.0
285 32.0
286 25.0
287 20.0
288 32.0
289 379.0
290 267.0
291 93.0
292 33.0
293 153.0
294 147.0
295 268.0
296 142.0
297 82.0
298 32.0
299 147.0
300 19.0
301 0.0
302 38.0
303 507.0
304 507.0
305 507.0
306 507.0
307 379.0
308 379.0
309 379.0
310 379.0
311 379.0
312 379.0
313 379.0
314 379.0
315 379.0
316 365.0
317 324.0
318 324.0
319 317.0
320 289.0
321 268.0
322 268.0
323 268.0
324 268.0
325 268.0
326 267.0
327 267.0
328 267.0
329 267.0
330 267.0
331 267.0
332 267.0
333 267.0
334 267.0
335 267.0
336 267.0
337 169.0
338 158.0
339 158.0
340 158.0
341 153.0
342 153.0
343 153.0
344 147.0
345 147.0
346 147.0
347 147.0
348 142.0
349 142.0
350 142.0
351 136.0
352 136.0
353 136.0
354 324.0
355 379.0
356 38.0
357 0.0
358 507.0
359 379.0
360 267.0
361 1019.0
362 55.0
363 379.0
364 32.0
365 507.0
366 32.0
367 1.0
368 32.0
369 0.0
370 32.0
371 379.0
372 82.0
373 379.0
374 38.0
375 268.0
376 87.0
377 71.0
378 82.0
379 33.0
380 377.0
381 82.0
382 158.0
383 355.0
384 30.0
385 496.0
386 44.0
387 169.0
388 268.0
389 142.0
390 38.0
391 379.0
392 136.0
393 0.0
394 38.0
395 147.0
396 120.0
397 32.0
398 82.0
399 87.0
400 153.0
401 136.0
402 0.0
403 0.0
404 1019.0
405 1019.0
406 507.0
407 507.0
408 507.0
409 507.0
410 507.0
411 496.0
412 379.0
413 379.0
414 379.0
415 379.0
416 379.0
417 379.0
418 379.0
419 379.0
420 379.0
421 379.0
422 379.0
423 379.0
424 379.0
425 379.0
426 379.0
427 377.0
428 365.0
429 355.0
430 324.0
431 324.0
432 324.0
433 317.0
434 289.0
435 268.0
436 268.0
437 268.0
438 268.0
439 268.0
440 268.0
441 268.0
442 267.0
443 267.0
444 267.0
445 267.0
446 267.0
447 267.0
448 267.0
449 267.0
450 267.0
451 267.0
452 267.0
453 267.0
454 169.0
455 379.0
456 267.0
457 267.0
458 268.0
459 379.0
460 311.0
461 267.0
462 507.0
463 508.0
464 451.0
465 379.0
466 278.0
467 32.0
468 32.0
469 38.0
470 0.0
471 267.0
472 38.0
473 267.0
474 25.0
475 17.0
476 379.0
477 325.0
478 38.0
479 267.0
480 32.0
481 267.0
482 33.0
483 32.0
484 327.0
485 267.0
486 25.0
487 379.0
488 0.0
489 33.0
490 82.0
491 268.0
492 0.0
493 32.0
494 379.0
495 136.0
496 38.0
497 0.0
498 267.0
499 163.0
500 32.0
501 44.0
502 32.0
503 33.0
504 169.0
505 1019.0
506 1019.0
507 508.0
508 507.0
509 507.0
510 507.0
511 507.0
512 507.0
513 507.0
514 496.0
515 451.0
516 379.0
517 379.0
518 379.0
519 379.0
520 379.0
521 379.0
522 379.0
523 379.0
524 379.0
525 379.0
526 379.0
527 379.0
528 379.0
529 379.0
530 379.0
531 379.0
532 379.0
533 379.0
534 379.0
535 379.0
536 379.0
537 377.0
538 365.0
539 355.0
540 327.0
541 325.0
542 324.0
543 324.0
544 324.0
545 317.0
546 311.0
547 289.0
548 278.0
549 268.0
550 268.0
551 268.0
552 268.0
553 268.0
554 268.0
555 268.0
556 1019.0
557 507.0
558 49.0
559 38.0
560 32.0
561 379.0
562 1019.0
563 267.0
564 379.0
565 0.0
566 0.0
567 32.0
568 268.0
569 49.0
570 30.0
571 0.0
572 49.0
573 44.0
574 0.0
575 32.0
576 267.0
577 1019.0
578 268.0
579 0.0
580 32.0
581 311.0
582 1019.0
583 379.0
584 379.0
585 379.0
586 32.0
587 6.0
588 49.0
589 268.0
590 379.0
591 136.0
592 38.0
593 349.0
594 0.0
595 0.0
596 267.0
597 32.0
598 267.0
599 267.0
600 30.0
601 87.0
602 333.0
603 0.0
604 268.0
605 507.0
606 1019.0
607 1019.0
608 1019.0
609 1019.0
610 1019.0
611 1019.0
612 508.0
613 507.0
614 507.0
615 507.0
616 507.0
617 507.0
618 507.0
619 507.0
620 507.0
621 496.0
622 451.0
623 379.0
624 379.0
625 379.0
626 379.0
627 379.0
628 379.0
629 379.0
630 379.0
631 379.0
632 379.0
633 379.0
634 379.0
635 379.0
636 379.0
637 379.0
638 379.0
639 379.0
640 379.0
641 379.0
642 379.0
643 379.0
644 379.0
645 379.0
646 379.0
647 379.0
648 379.0
649 379.0
650 377.0
651 365.0
652 355.0
653 349.0
654 333.0
655 327.0
656 325.0
657 507.0
658 49.0
659 1052.0
660 957.0
661 1042.0
662 0.0
663 268.0
664 147.0
665 6.0
666 379.0
667 379.0
668 1019.0
669 93.0
670 507.0
671 507.0
672 25.0
673 379.0
674 142.0
675 60.0
676 38.0
677 32.0
678 379.0
679 507.0
680 49.0
681 87.0
682 251.0
683 379.0
684 17.0
685 267.0
686 379.0
687 379.0
688 1067.0
689 93.0
690 38.0
691 38.0
692 25.0
693 379.0
694 275.0
695 32.0
696 502.0
697 147.0
698 267.0
699 1371.0
700 49.0
701 268.0
702 268.0
703 0.0
704 32.0
705 32.0
706 6.0
707 1371.0
708 1371.0
709 1067.0
710 1052.0
711 1042.0
712 1019.0
713 1019.0
714 1019.0
715 1019.0
716 1019.0
717 1019.0
718 957.0
719 508.0
720 507.0
721 507.0
722 507.0
723 507.0
724 507.0
725 507.0
726 507.0
727 507.0
728 507.0
729 507.0
730 507.0
731 507.0
732 502.0
733 496.0
734 451.0
735 379.0
736 379.0
737 379.0
738 379.0
739 379.0
740 379.0
741 379.0
742 379.0
743 379.0
744 379.0
745 379.0
746 379.0
747 379.0
748 379.0
749 379.0
750 379.0
751 379.0
752 379.0
753 379.0
754 379.0
755 379.0
756 379.0
757 379.0
758 379.0
759 0.0
760 379.0
761 507.0
762 507.0
763 1019.0
764 1019.0
765 507.0
766 60.0
767 379.0
768 507.0
769 32.0
770 379.0
771 267.0
772 267.0
773 380.0
774 82.0
775 324.0
776 268.0
777 507.0
778 379.0
779 32.0
780 55.0
781 38.0
782 507.0
783 38.0
784 270.0
785 32.0
786 104.0
787 379.0
788 379.0
789 379.0
790 507.0
791 379.0
792 1067.0
793 1019.0
794 87.0
795 87.0
796 379.0
797 379.0
798 360.0
799 158.0
800 71.0
801 379.0
802 267.0
803 379.0
804 32.0
805 33.0
806 49.0
807 32.0
808 1371.0
809 1371.0
810 1067.0
811 1067.0
812 1052.0
813 1042.0
814 1019.0
815 1019.0
816 1019.0
817 1019.0
818 1019.0
819 1019.0
820 1019.0
821 1019.0
822 1019.0
823 957.0
824 508.0
825 507.0
826 507.0
827 507.0
828 507.0
829 507.0
830 507.0
831 507.0
832 507.0
833 507.0
834 507.0
835 507.0
836 507.0
837 507.0
838 507.0
839 507.0
840 507.0
841 507.0
842 507.0
843 507.0
844 502.0
845 496.0
846 451.0
847 380.0
848 379.0
849 379.0
850 379.0
851 379.0
852 379.0
853 379.0
854 379.0
855 379.0
856 379.0
857 379.0
858 379.0
859 267.0
860 379.0
861 115.0
862 379.0
863 1019.0
864 507.0
865 420.0
866 956.0
867 268.0
868 379.0
869 38.0
870 267.0
871 379.0
872 267.0
873 1419.0
874 379.0
875 32.0
876 93.0
877 268.0
878 507.0
879 507.0
880 507.0
881 365.0
882 507.0
883 379.0
884 32.0
885 267.0
886 0.0
887 379.0
888 17.0
889 267.0
890 268.0
891 379.0
892 379.0
893 507.0
894 158.0
895 87.0
896 699.0
897 98.0
898 136.0
899 82.0
900 268.0
901 507.0
902 311.0
903 32.0
904 379.0
905 267.0
906 25.0
907 136.0
908 379.0
909 1419.0
910 1419.0
911 1371.0
912 1067.0
913 1067.0
914 1052.0
915 1042.0
916 1019.0
917 1019.0
918 1019.0
919 1019.0
920 1019.0
921 1019.0
922 1019.0
923 1019.0
