1 32.0
2 0.0
3 49.0
4 38.0
5 0.0
6 28.0
7 158.0
8 268.0
9 0.0
10 267.0
11 25.0
12 379.0
13 0.0
14 77.0
15 0.0
16 0.0
17 19.0
18 0.0
19 19.0
20 136.0
21 32.0
22 0.0
23 267.0
24 25.0
25 267.0
26 3.0
27 14.0
28 0.0
29 32.0
30 6.0
31 0.0
32 0.0
33 49.0
34 0.0
35 267.0
36 32.0
37 267.0
38 267.0
39 104.0
40 32.0
41 32.0
42 44.0
43 32.0
44 0.0
45 2.0
46 379.0
47 32.0
48 38.0
49 19.0
50 66.0
51 33.0
52 32.0
53 12.0
54 0.0
55 38.0
56 169.0
57 0.0
58 142.0
59 43.0
60 82.0
61 32.0
62 38.0
63 379.0
64 0.0
65 0.0
66 0.0
67 33.0
68 87.0
69 49.0
70 33.0
71 32.0
72 267.0
73 82.0
74 32.0
75 71.0
76 0.0
77 38.0
78 0.0
79 165.0
80 0.0
81 267.0
82 0.0
83 38.0
84 98.0
85 1.0
86 268.0
87 142.0
88 360.0
89 33.0
90 32.0
91 3.0
92 32.0
93 60.0
94 0.0
95 6.0
96 12.0
97 49.0
98 268.0
99 25.0
100 136.0
101 379.0
102 379.0
103 379.0
104 379.0
105 360.0
106 268.0
107 268.0
108 268.0
109 267.0
110 267.0
111 267.0
112 267.0
113 267.0
114 267.0
115 267.0
116 267.0
117 169.0
118 165.0
119 158.0
120 142.0
121 142.0
122 136.0
123 136.0
124 104.0
125 98.0
126 87.0
127 82.0
128 82.0
129 77.0
130 71.0
131 66.0
132 60.0
133 49.0
134 49.0
135 49.0
136 49.0
137 44.0
138 43.0
139 38.0
140 38.0
141 38.0
142 38.0
143 38.0
144 38.0
145 33.0
146 33.0
147 33.0
148 33.0
149 32.0
150 32.0
151 32.0
152 0.0
153 0.0
154 209.0
155 754.0
156 32.0
157 142.0
158 6.0
159 0.0
160 0.0
161 380.0
162 507.0
163 60.0
164 82.0
165 104.0
166 32.0
167 158.0
168 0.0
169 0.0
170 33.0
171 32.0
172 93.0
173 30.0
174 32.0
175 30.0
176 98.0
177 3.0
178 76.0
179 147.0
180 32.0
181 142.0
182 33.0
183 147.0
184 19.0
185 98.0
186 1067.0
187 38.0
188 38.0
189 43.0
190 43.0
191 25.0
192 38.0
193 0.0
194 32.0
195 0.0
196 350.0
197 0.0
198 30.0
199 268.0
200 0.0
201 25.0
202 1067.0
203 1067.0
204 754.0
205 507.0
206 380.0
207 379.0
208 379.0
209 379.0
210 360.0
211 350.0
212 268.0
213 268.0
214 268.0
215 268.0
216 267.0
217 267.0
218 267.0
219 267.0
220 267.0
221 267.0
222 267.0
223 267.0
224 209.0
225 169.0
226 165.0
227 158.0
228 158.0
229 147.0
230 147.0
231 142.0
232 142.0
233 142.0
234 142.0
235 136.0
236 136.0
237 104.0
238 104.0
239 98.0
240 98.0
241 98.0
242 93.0
243 87.0
244 82.0
245 82.0
246 82.0
247 77.0
248 76.0
249 71.0
250 66.0
251 60.0
252 60.0
253 379.0
254 32.0
255 507.0
256 87.0
257 587.0
258 98.0
259 32.0
260 38.0
261 379.0
262 136.0
263 379.0
264 32.0
265 98.0
266 98.0
267 0.0
268 313.0
269 267.0
270 268.0
271 25.0
272 38.0
273 3.0
274 0.0
275 147.0
276 82.0
277 147.0
278 169.0
279 104.0
280 508.0
281 0.0
282 38.0
283 25.0
284 76.0
285 0.0
286 38.0
287 126.0
288 267.0
289 93.0
290 82.0
291 82.0
292 87.0
293 82.0
294 169.0
295 0.0
296 60.0
297 76.0
298 131.0
299 115.0
300 142.0
301 158.0
302 158.0
303 1067.0
304 1067.0
305 754.0
306 587.0
307 508.0
308 507.0
309 507.0
310 380.0
311 379.0
312 379.0
313 379.0
314 379.0
315 379.0
316 379.0
317 360.0
318 350.0
319 313.0
320 268.0
321 268.0
322 268.0
323 268.0
324 268.0
325 267.0
326 267.0
327 267.0
328 267.0
329 267.0
330 267.0
331 267.0
332 267.0
333 267.0
334 267.0
335 209.0
336 169.0
337 169.0
338 169.0
339 165.0
340 158.0
341 158.0
342 158.0
343 158.0
344 147.0
345 147.0
346 147.0
347 147.0
348 142.0
349 142.0
350 142.0
351 142.0
352 142.0
353 136.0
354 169.0
355 267.0
356 361.0
357 60.0
358 0.0
359 1019.0
360 82.0
361 0.0
362 0.0
363 169.0
364 49.0
365 32.0
366 71.0
367 32.0
368 38.0
369 355.0
370 136.0
371 0.0
372 25.0
373 43.0
374 379.0
375 30.0
376 30.0
377 0.0
378 267.0
379 322.0
380 33.0
381 87.0
382 268.0
383 508.0
384 87.0
385 235.0
386 38.0
387 136.0
388 169.0
389 32.0
390 38.0
391 14.0
392 38.0
393 60.0
394 32.0
395 32.0
396 267.0
397 169.0
398 33.0
399 379.0
400 33.0
401 0.0
402 158.0
403 0.0
404 1067.0
405 1067.0
406 1019.0
407 754.0
408 587.0
409 508.0
410 508.0
411 507.0
412 507.0
413 380.0
414 379.0
415 379.0
416 379.0
417 379.0
418 379.0
419 379.0
420 379.0
421 379.0
422 361.0
423 360.0
424 355.0
425 350.0
426 322.0
427 313.0
428 268.0
429 268.0
430 268.0
431 268.0
432 268.0
433 268.0
434 267.0
435 267.0
436 267.0
437 267.0
438 267.0
439 267.0
440 267.0
441 267.0
442 267.0
443 267.0
444 267.0
445 267.0
446 267.0
447 235.0
448 209.0
449 169.0
450 169.0
451 169.0
452 169.0
453 169.0
454 169.0
455 267.0
456 323.0
457 267.0
458 379.0
459 507.0
460 379.0
461 0.0
462 424.0
463 115.0
464 98.0
465 1083.0
466 153.0
467 0.0
468 32.0
469 301.0
470 6.0
471 98.0
472 379.0
473 38.0
474 507.0
475 1.0
476 308.0
477 290.0
478 0.0
479 267.0
480 103.0
481 30.0
482 33.0
483 44.0
484 0.0
485 32.0
486 0.0
487 0.0
488 104.0
489 32.0
490 418.0
491 380.0
492 38.0
493 54.0
494 379.0
495 87.0
496 379.0
497 49.0
498 268.0
499 30.0
500 38.0
501 49.0
502 136.0
503 169.0
504 115.0
505 1083.0
506 1083.0
507 1067.0
508 1019.0
509 754.0
510 587.0
511 508.0
512 508.0
513 507.0
514 507.0
515 507.0
516 507.0
517 424.0
518 418.0
519 380.0
520 380.0
521 379.0
522 379.0
523 379.0
524 379.0
525 379.0
526 379.0
527 379.0
528 379.0
529 379.0
530 379.0
531 379.0
532 379.0
533 379.0
534 361.0
535 360.0
536 355.0
537 350.0
538 323.0
539 322.0
540 313.0
541 308.0
542 301.0
543 290.0
544 268.0
545 268.0
546 268.0
547 268.0
548 268.0
549 268.0
550 268.0
551 267.0
552 267.0
553 267.0
554 267.0
555 267.0
556 379.0
557 169.0
558 32.0
559 82.0
560 17.0
561 267.0
562 379.0
563 268.0
564 32.0
565 379.0
566 7.0
567 267.0
568 93.0
569 82.0
570 267.0
571 0.0
572 0.0
573 379.0
574 0.0
575 32.0
576 380.0
577 0.0
578 38.0
579 379.0
580 267.0
581 87.0
582 3.0
583 0.0
584 32.0
585 136.0
586 0.0
587 0.0
588 379.0
589 76.0
590 379.0
591 125.0
592 0.0
593 0.0
594 76.0
595 115.0
596 267.0
597 268.0
598 0.0
599 38.0
600 32.0
601 76.0
602 268.0
603 38.0
604 32.0
605 379.0
606 1083.0
607 1083.0
608 1067.0
609 1019.0
610 754.0
611 587.0
612 508.0
613 508.0
614 507.0
615 507.0
616 507.0
617 507.0
618 424.0
619 418.0
620 380.0
621 380.0
622 380.0
623 379.0
624 379.0
625 379.0
626 379.0
627 379.0
628 379.0
629 379.0
630 379.0
631 379.0
632 379.0
633 379.0
634 379.0
635 379.0
636 379.0
637 379.0
638 379.0
639 379.0
640 379.0
641 379.0
642 379.0
643 379.0
644 361.0
645 360.0
646 355.0
647 350.0
648 323.0
649 322.0
650 313.0
651 308.0
652 301.0
653 290.0
654 268.0
655 268.0
656 268.0
657 1019.0
658 60.0
659 507.0
660 158.0
661 355.0
662 380.0
663 25.0
664 131.0
665 448.0
666 379.0
667 379.0
668 49.0
669 98.0
670 379.0
671 208.0
672 55.0
673 93.0
674 379.0
675 587.0
676 98.0
677 49.0
678 1.0
679 32.0
680 6.0
681 344.0
682 32.0
683 268.0
684 267.0
685 294.0
686 453.0
687 38.0
688 32.0
689 32.0
690 379.0
691 267.0
692 379.0
693 267.0
694 379.0
695 0.0
696 267.0
697 32.0
698 379.0
699 321.0
700 267.0
701 268.0
702 12.0
703 0.0
704 30.0
705 98.0
706 38.0
707 1083.0
708 1083.0
709 1067.0
710 1019.0
711 1019.0
712 754.0
713 587.0
714 587.0
715 508.0
716 508.0
717 507.0
718 507.0
719 507.0
720 507.0
721 507.0
722 453.0
723 448.0
724 424.0
725 418.0
726 380.0
727 380.0
728 380.0
729 380.0
730 379.0
731 379.0
732 379.0
733 379.0
734 379.0
735 379.0
736 379.0
737 379.0
738 379.0
739 379.0
740 379.0
741 379.0
742 379.0
743 379.0
744 379.0
745 379.0
746 379.0
747 379.0
748 379.0
749 379.0
750 379.0
751 379.0
752 379.0
753 379.0
754 379.0
755 379.0
756 379.0
757 379.0
758 1019.0
759 379.0
760 147.0
761 0.0
762 267.0
763 379.0
764 1419.0
765 267.0
766 379.0
767 507.0
768 31.0
769 32.0
770 104.0
771 0.0
772 38.0
773 507.0
774 267.0
775 153.0
776 104.0
777 267.0
778 268.0
779 251.0
780 71.0
781 44.0
782 30.0
783 268.0
784 43.0
785 231.0
786 32.0
787 0.0
788 507.0
789 32.0
790 38.0
791 82.0
792 301.0
793 267.0
794 379.0
795 44.0
796 38.0
797 267.0
798 361.0
799 0.0
800 33.0
801 311.0
802 38.0
803 379.0
804 0.0
805 39.0
806 267.0
807 38.0
808 1419.0
809 1419.0
810 1083.0
811 1067.0
812 1019.0
813 1019.0
814 1019.0
815 754.0
816 587.0
817 587.0
818 508.0
819 508.0
820 507.0
821 507.0
822 507.0
823 507.0
824 507.0
825 507.0
826 507.0
827 507.0
828 453.0
829 448.0
830 424.0
831 418.0
832 380.0
833 380.0
834 380.0
835 380.0
836 379.0
837 379.0
838 379.0
839 379.0
840 379.0
841 379.0
842 379.0
843 379.0
844 379.0
845 379.0
846 379.0
847 379.0
848 379.0
849 379.0
850 379.0
851 379.0
852 379.0
853 379.0
854 379.0
855 379.0
856 379.0
857 379.0
858 379.0
859 507.0
860 1019.0
861 163.0
862 1019.0
863 308.0
864 25.0
865 147.0
866 1019.0
867 268.0
868 1083.0
869 37.0
870 507.0
871 0.0
872 32.0
873 251.0
874 0.0
875 60.0
876 350.0
877 507.0
878 1019.0
879 424.0
880 1019.0
881 508.0
882 32.0
883 737.0
884 147.0
885 379.0
886 17.0
887 32.0
888 379.0
889 136.0
890 267.0
891 0.0
892 268.0
893 308.0
894 268.0
895 379.0
896 379.0
897 0.0
898 379.0
899 136.0
900 463.0
901 33.0
902 38.0
903 268.0
904 0.0
905 0.0
906 267.0
907 267.0
908 3.0
909 1419.0
910 1419.0
911 1083.0
912 1083.0
913 1067.0
914 1019.0
915 1019.0
916 1019.0
917 1019.0
918 1019.0
919 1019.0
920 1019.0
921 1019.0
922 754.0
923 737.0
924 587.0
925 587.0
926 508.0
927 508.0
928 508.0
929 507.0
930 507.0
931 507.0
932 507.0
933 507.0
934 507.0
935 507.0
936 507.0
937 507.0
938 507.0
939 507.0
940 463.0
941 453.0
942 448.0
943 424.0
944 424.0
945 418.0
946 380.0
947 380.0
948 380.0
949 380.0
950 379.0
951 379.0
952 379.0
953 379.0
954 379.0
955 379.0
956 379.0
957 379.0
958 379.0
959 379.0
960 60.0
961 507.0
962 507.0
963 267.0
964 379.0
965 1455.0
966 14.0
967 507.0
968 1419.0
969 379.0
970 0.0
971 587.0
972 125.0
973 0.0
974 3.0
975 267.0
976 147.0
977 44.0
978 507.0
979 0.0
980 60.0
981 507.0
982 6.0
983 379.0
984 136.0
985 16.0
986 136.0
987 0.0
988 379.0
989 475.0
990 0.0
991 267.0
992 0.0
993 387.0
994 25.0
995 380.0
996 308.0
997 147.0
998 32.0
999 54.0
1000 268.0
1001 380.0
1002 28.0
1003 379.0
1004 344.0
1005 379.0
1006 379.0
1007 380.0
1008 0.0
1009 268.0
1010 1455.0
1011 1455.0
1012 1419.0
1013 1419.0
1014 1083.0
1015 1083.0
1016 1067.0
1017 1019.0
1018 1019.0
1019 1019.0
1020 1019.0
1021 1019.0
1022 1019.0
1023 1019.0
1024 1019.0
1025 754.0
1026 737.0
1027 587.0
1028 587.0
1029 587.0
1030 508.0
1031 508.0
1032 508.0
1033 507.0
1034 507.0
1035 507.0
1036 507.0
1037 507.0
1038 507.0
1039 507.0
1040 507.0
1041 507.0
1042 507.0
1043 507.0
1044 507.0
1045 507.0
1046 507.0
1047 507.0
1048 507.0
1049 475.0
1050 463.0
1051 453.0
1052 448.0
1053 424.0
1054 424.0
1055 418.0
1056 387.0
1057 380.0
1058 380.0
1059 380.0
1060 380.0
1061 507.0
1062 147.0
1063 997.0
1064 1019.0
1065 267.0
1066 507.0
1067 2.0
1068 158.0
1069 38.0
1070 507.0
1071 379.0
1072 49.0
1073 1019.0
1074 267.0
1075 169.0
1076 147.0
1077 480.0
1078 354.0
1079 38.0
1080 379.0
1081 508.0
1082 251.0
1083 93.0
1084 507.0
1085 49.0
1086 507.0
1087 267.0
1088 268.0
1089 0.0
1090 374.0
1091 104.0
1092 267.0
1093 3.0
1094 324.0
1095 267.0
1096 0.0
1097 507.0
1098 507.0
1099 0.0
1100 6.0
1101 379.0
1102 0.0
1103 377.0
1104 507.0
1105 98.0
1106 344.0
1107 0.0
1108 142.0
1109 38.0
1110 380.0
1111 1455.0
1112 1455.0
1113 1419.0
1114 1419.0
1115 1083.0
1116 1083.0
1117 1067.0
1118 1019.0
1119 1019.0
1120 1019.0
1121 1019.0
1122 1019.0
1123 1019.0
1124 1019.0
1125 1019.0
1126 1019.0
1127 1019.0
1128 997.0
1129 754.0
1130 737.0
1131 587.0
1132 587.0
1133 587.0
1134 508.0
1135 508.0
1136 508.0
1137 508.0
1138 507.0
1139 507.0
1140 507.0
1141 507.0
1142 507.0
1143 507.0
1144 507.0
1145 507.0
1146 507.0
1147 507.0
1148 507.0
1149 507.0
1150 507.0
1151 507.0
1152 507.0
1153 507.0
1154 507.0
1155 507.0
1156 507.0
1157 507.0
1158 507.0
1159 507.0
1160 507.0
1161 507.0
1162 267.0
1163 17.0
1164 158.0
1165 379.0
1166 379.0
1167 71.0
1168 1371.0
1169 0.0
1170 267.0
1171 1051.0
1172 1019.0
1173 44.0
1174 1019.0
1175 507.0
1176 362.0
1177 491.0
1178 38.0
1179 49.0
1180 267.0
1181 377.0
1182 994.0
1183 60.0
1184 93.0
1185 267.0
1186 379.0
1187 507.0
1188 379.0
1189 379.0
1190 43.0
1191 0.0
1192 60.0
1193 6.0
1194 379.0
1195 43.0
1196 379.0
1197 379.0
1198 355.0
1199 25.0
1200 379.0
1201 380.0
1202 267.0
1203 379.0
1204 268.0
1205 507.0
1206 114.0
1207 60.0
1208 32.0
1209 55.0
1210 1419.0
1211 507.0
1212 1455.0
1213 1455.0
1214 1419.0
1215 1419.0
1216 1419.0
1217 1371.0
1218 1083.0
1219 1083.0
1220 1067.0
1221 1051.0
1222 1019.0
1223 1019.0
1224 1019.0
1225 1019.0
1226 1019.0
1227 1019.0
1228 1019.0
1229 1019.0
1230 1019.0
1231 1019.0
1232 1019.0
1233 1019.0
1234 997.0
1235 994.0
1236 754.0
1237 737.0
1238 587.0
1239 587.0
1240 587.0
1241 508.0
1242 508.0
1243 508.0
1244 508.0
1245 507.0
1246 507.0
1247 507.0
1248 507.0
1249 507.0
1250 507.0
1251 507.0
1252 507.0
1253 507.0
1254 507.0
1255 507.0
1256 507.0
1257 507.0
1258 507.0
1259 507.0
1260 507.0
1261 507.0
1262 507.0
1263 202.0
1264 4.0
1265 17.0
1266 17.0
1267 267.0
1268 508.0
1269 267.0
1270 1067.0
1271 379.0
1272 82.0
1273 379.0
1274 54.0
1275 38.0
1276 507.0
1277 507.0
1278 1019.0
1279 379.0
1280 379.0
1281 1019.0
1282 60.0
1283 379.0
1284 17.0
1285 0.0
1286 379.0
1287 268.0
1288 587.0
1289 49.0
1290 0.0
1291 507.0
1292 507.0
1293 136.0
1294 160.0
1295 997.0
1296 3.0
1297 32.0
1298 180.0
1299 147.0
1300 333.0
1301 6.0
1302 507.0
1303 25.0
1304 507.0
1305 32.0
1306 49.0
1307 17.0
1308 507.0
1309 6.0
1310 38.0
1311 268.0
1312 379.0
1313 1455.0
1314 1455.0
1315 1419.0
1316 1419.0
1317 1419.0
1318 1371.0
1319 1083.0
1320 1083.0
1321 1067.0
1322 1067.0
1323 1051.0
1324 1019.0
1325 1019.0
1326 1019.0
1327 1019.0
1328 1019.0
1329 1019.0
1330 1019.0
1331 1019.0
1332 1019.0
1333 1019.0
1334 1019.0
1335 1019.0
1336 1019.0
1337 1019.0
1338 997.0
1339 997.0
1340 994.0
1341 754.0
1342 737.0
1343 587.0
1344 587.0
1345 587.0
1346 587.0
1347 508.0
1348 508.0
1349 508.0
1350 508.0
1351 508.0
1352 507.0
1353 507.0
1354 507.0
1355 507.0
1356 507.0
1357 507.0
1358 507.0
1359 507.0
1360 507.0
1361 507.0
1362 507.0
1363 507.0
1364 267.0
1365 267.0
1366 71.0
1367 1419.0
1368 158.0
1369 44.0
1370 379.0
1371 507.0
1372 507.0
1373 38.0
1374 699.0
1375 1019.0
1376 38.0
1377 507.0
1378 169.0
1379 267.0
1380 147.0
1381 486.0
1382 1019.0
1383 379.0
1384 507.0
1385 379.0
1386 49.0
1387 25.0
1388 587.0
1389 355.0
1390 49.0
1391 379.0
1392 667.0
1393 380.0
1394 379.0
1395 268.0
1396 485.0
1397 268.0
1398 268.0
1399 268.0
1400 379.0
1401 32.0
1402 60.0
1403 380.0
1404 147.0
1405 379.0
1406 1419.0
1407 60.0
1408 14.0
1409 507.0
1410 507.0
1411 32.0
1412 507.0
1413 38.0
1414 1455.0
1415 1455.0
1416 1419.0
1417 1419.0
1418 1419.0
1419 1419.0
1420 1419.0
1421 1371.0
1422 1083.0
1423 1083.0
1424 1067.0
1425 1067.0
1426 1051.0
1427 1019.0
1428 1019.0
1429 1019.0
1430 1019.0
1431 1019.0
1432 1019.0
1433 1019.0
1434 1019.0
1435 1019.0
1436 1019.0
1437 1019.0
1438 1019.0
1439 1019.0
1440 1019.0
1441 1019.0
1442 1019.0
1443 997.0
1444 997.0
1445 994.0
1446 754.0
1447 737.0
1448 699.0
1449 667.0
1450 587.0
1451 587.0
1452 587.0
1453 587.0
1454 587.0
1455 508.0
1456 508.0
1457 508.0
1458 508.0
1459 508.0
1460 507.0
1461 507.0
1462 507.0
1463 507.0
1464 507.0
1465 32.0
1466 380.0
1467 1419.0
1468 379.0
1469 1419.0
1470 379.0
1471 0.0
1472 379.0
1473 0.0
1474 44.0
1475 25.0
1476 507.0
1477 158.0
1478 39.0
1479 267.0
1480 1019.0
1481 1019.0
1482 507.0
1483 379.0
1484 1019.0
1485 507.0
1486 508.0
1487 180.0
1488 60.0
1489 1067.0
1490 49.0
1491 1019.0
1492 507.0
1493 379.0
1494 365.0
1495 32.0
1496 379.0
1497 104.0
1498 379.0
1499 1019.0
1500 507.0
1501 587.0
1502 267.0
1503 0.0
1504 267.0
1505 379.0
1506 60.0
1507 379.0
1508 379.0
1509 267.0
1510 379.0
1511 507.0
1512 14.0
1513 71.0
1514 1371.0
1515 1455.0
1516 1455.0
1517 1419.0
1518 1419.0
1519 1419.0
1520 1419.0
1521 1419.0
1522 1419.0
1523 1419.0
1524 1371.0
1525 1371.0
1526 1083.0
1527 1083.0
1528 1067.0
1529 1067.0
1530 1067.0
1531 1051.0
1532 1019.0
1533 1019.0
1534 1019.0
1535 1019.0
1536 1019.0
1537 1019.0
1538 1019.0
1539 1019.0
1540 1019.0
1541 1019.0
1542 1019.0
1543 1019.0
1544 1019.0
1545 1019.0
1546 1019.0
1547 1019.0
1548 1019.0
1549 1019.0
1550 1019.0
1551 1019.0
1552 1019.0
1553 997.0
1554 997.0
1555 994.0
1556 754.0
1557 737.0
1558 699.0
1559 667.0
1560 587.0
1561 587.0
1562 587.0
1563 587.0
1564 587.0
1565 587.0
1566 587.0
1567 169.0
1568 1419.0
1569 507.0
1570 379.0
1571 379.0
1572 1019.0
1573 379.0
1574 278.0
1575 6.0
1576 60.0
1577 1355.0
1578 267.0
1579 507.0
1580 379.0
1581 379.0
1582 169.0
1583 267.0
1584 1019.0
1585 379.0
1586 267.0
1587 6.0
1588 1019.0
1589 1019.0
1590 38.0
1591 1019.0
1592 1419.0
1593 379.0
1594 379.0
1595 49.0
1596 507.0
1597 158.0
1598 587.0
1599 507.0
1600 379.0
1601 379.0
1602 49.0
1603 507.0
1604 379.0
1605 43.0
1606 243.0
1607 267.0
1608 507.0
1609 32.0
1610 587.0
1611 379.0
1612 1019.0
1613 507.0
1614 507.0
1615 507.0
1616 1455.0
1617 1455.0
1618 1419.0
1619 1419.0
1620 1419.0
1621 1419.0
1622 1419.0
1623 1419.0
1624 1419.0
1625 1419.0
1626 1419.0
1627 1371.0
1628 1371.0
1629 1355.0
1630 1083.0
1631 1083.0
1632 1067.0
1633 1067.0
1634 1067.0
1635 1051.0
1636 1019.0
1637 1019.0
1638 1019.0
1639 1019.0
1640 1019.0
1641 1019.0
1642 1019.0
1643 1019.0
1644 1019.0
1645 1019.0
1646 1019.0
1647 1019.0
1648 1019.0
1649 1019.0
1650 1019.0
1651 1019.0
1652 1019.0
1653 1019.0
1654 1019.0
1655 1019.0
1656 1019.0
1657 1019.0
1658 1019.0
1659 1019.0
1660 1019.0
1661 1019.0
1662 1019.0
1663 997.0
1664 997.0
1665 994.0
1666 754.0
1667 60.0
1668 1019.0
1669 507.0
1670 1083.0
1671 1005.0
1672 49.0
1673 28.0
1674 0.0
1675 71.0
1676 267.0
1677 158.0
1678 507.0
1679 379.0
1680 1067.0
1681 507.0
1682 379.0
1683 267.0
1684 60.0
1685 379.0
1686 325.0
1687 507.0
1688 104.0
1689 454.0
1690 379.0
1691 1019.0
1692 28.0
1693 1419.0
1694 507.0
1695 1019.0
1696 507.0
1697 1019.0
1698 379.0
1699 379.0
1700 147.0
1701 32.0
1702 1019.0
1703 1019.0
1704 1019.0
1705 6.0
1706 507.0
1707 1355.0
1708 1067.0
1709 379.0
1710 507.0
1711 379.0
1712 1019.0
1713 267.0
1714 0.0
1715 507.0
1716 267.0
1717 1455.0
1718 1455.0
1719 1419.0
1720 1419.0
1721 1419.0
1722 1419.0
1723 1419.0
1724 1419.0
1725 1419.0
1726 1419.0
1727 1419.0
1728 1419.0
1729 1371.0
1730 1371.0
1731 1355.0
1732 1355.0
1733 1083.0
1734 1083.0
1735 1083.0
1736 1067.0
1737 1067.0
1738 1067.0
1739 1067.0
1740 1067.0
1741 1051.0
1742 1019.0
1743 1019.0
1744 1019.0
1745 1019.0
1746 1019.0
1747 1019.0
1748 1019.0
1749 1019.0
1750 1019.0
1751 1019.0
1752 1019.0
1753 1019.0
1754 1019.0
1755 1019.0
1756 1019.0
1757 1019.0
1758 1019.0
1759 1019.0
1760 1019.0
1761 1019.0
1762 1019.0
1763 1019.0
1764 1019.0
1765 1019.0
1766 1019.0
1767 1019.0
1768 507.0
1769 38.0
1770 60.0
1771 6.0
1772 49.0
1773 379.0
1774 169.0
1775 267.0
1776 267.0
1777 1419.0
1778 28.0
1779 71.0
1780 507.0
1781 507.0
1782 379.0
1783 1019.0
1784 267.0
1785 379.0
1786 507.0
1787 379.0
1788 2.0
1789 1019.0
1790 379.0
1791 379.0
1792 1019.0
1793 60.0
1794 267.0
1795 1019.0
1796 507.0
1797 1019.0
1798 587.0
1799 60.0
1800 379.0
1801 28.0
1802 1019.0
1803 379.0
1804 507.0
1805 508.0
1806 994.0
1807 1083.0
1808 0.0
1809 1019.0
1810 379.0
1811 379.0
1812 1067.0
1813 507.0
1814 267.0
1815 491.0
1816 379.0
1817 1019.0
1818 1455.0
1819 1455.0
1820 1419.0
1821 1419.0
1822 1419.0
1823 1419.0
1824 1419.0
1825 1419.0
1826 1419.0
1827 1419.0
1828 1419.0
1829 1419.0
1830 1419.0
1831 1371.0
1832 1371.0
1833 1355.0
1834 1355.0
1835 1083.0
1836 1083.0
1837 1083.0
1838 1083.0
1839 1067.0
1840 1067.0
1841 1067.0
1842 1067.0
1843 1067.0
1844 1067.0
1845 1051.0
1846 1019.0
1847 1019.0
1848 1019.0
1849 1019.0
1850 1019.0
1851 1019.0
1852 1019.0
1853 1019.0
1854 1019.0
1855 1019.0
1856 1019.0
1857 1019.0
1858 1019.0
1859 1019.0
1860 1019.0
1861 1019.0
1862 1019.0
1863 1019.0
1864 1019.0
1865 1019.0
1866 1019.0
1867 1019.0
1868 1019.0
1869 379.0
1870 1067.0
1871 379.0
1872 507.0
1873 507.0
1874 60.0
1875 379.0
1876 507.0
1877 1067.0
1878 169.0
1879 1419.0
1880 699.0
1881 49.0
1882 1040.0
1883 379.0
1884 267.0
1885 379.0
1886 49.0
1887 379.0
1888 38.0
1889 507.0
1890 267.0
1891 1083.0
1892 60.0
1893 71.0
1894 1019.0
1895 376.0
1896 507.0
1897 60.0
1898 379.0
1899 379.0
1900 267.0
1901 507.0
1902 379.0
1903 38.0
1904 1019.0
1905 1019.0
1906 1067.0
1907 1019.0
1908 507.0
1909 507.0
1910 267.0
1911 0.0
1912 1019.0
1913 267.0
1914 379.0
1915 1019.0
1916 379.0
1917 38.0
1918 507.0
1919 1455.0
1920 1455.0
1921 1419.0
1922 1419.0
1923 1419.0
1924 1419.0
1925 1419.0
1926 1419.0
1927 1419.0
1928 1419.0
1929 1419.0
1930 1419.0
1931 1419.0
1932 1419.0
1933 1371.0
1934 1371.0
1935 1355.0
1936 1355.0
1937 1083.0
1938 1083.0
1939 1083.0
1940 1083.0
1941 1083.0
1942 1067.0
1943 1067.0
1944 1067.0
1945 1067.0
1946 1067.0
1947 1067.0
1948 1067.0
1949 1067.0
1950 1067.0
1951 1051.0
1952 1040.0
1953 1019.0
1954 1019.0
1955 1019.0
1956 1019.0
1957 1019.0
1958 1019.0
1959 1019.0
1960 1019.0
1961 1019.0
1962 1019.0
1963 1019.0
1964 1019.0
1965 1019.0
1966 1019.0
1967 1019.0
1968 1019.0
1969 1019.0
1970 158.0
1971 379.0
1972 587.0
1973 1419.0
1974 268.0
1975 60.0
1976 379.0
1977 1067.0
1978 379.0
1979 60.0
1980 1419.0
1981 1019.0
1982 507.0
1983 60.0
1984 379.0
1985 1019.0
1986 379.0
1987 60.0
1988 71.0
1989 507.0
1990 1019.0
1991 49.0
1992 699.0
1993 267.0
1994 267.0
1995 1019.0
1996 379.0
1997 44.0
1998 507.0
1999 507.0
2000 60.0
2001 379.0
2002 507.0
2003 507.0
2004 1019.0
2005 267.0
2006 507.0
2007 699.0
2008 38.0
2009 379.0
2010 267.0
2011 49.0
2012 699.0
2013 379.0
2014 267.0
2015 17.0
2016 1019.0
2017 507.0
2018 507.0
2019 379.0
2020 1455.0
2021 1455.0
2022 1419.0
2023 1419.0
2024 1419.0
2025 1419.0
2026 1419.0
2027 1419.0
2028 1419.0
2029 1419.0
2030 1419.0
2031 1419.0
2032 1419.0
2033 1419.0
2034 1419.0
2035 1419.0
2036 1371.0
2037 1371.0
2038 1355.0
2039 1355.0
2040 1083.0
2041 1083.0
2042 1083.0
2043 1083.0
2044 1083.0
2045 1067.0
2046 1067.0
2047 1067.0
2048 1067.0
2049 1067.0
2050 1067.0
2051 1067.0
2052 1067.0
2053 1067.0
2054 1067.0
2055 1051.0
2056 1040.0
2057 1019.0
2058 1019.0
2059 1019.0
2060 1019.0
2061 1019.0
2062 1019.0
2063 1019.0
2064 1019.0
2065 1019.0
2066 1019.0
2067 1019.0
2068 1019.0
2069 1019.0
2070 1019.0
2071 379.0
2072 17.0
2073 379.0
2074 38.0
2075 1067.0
2076 28.0
2077 379.0
2078 376.0
2079 1419.0
2080 507.0
2081 60.0
2082 158.0
2083 379.0
2084 1419.0
2085 1019.0
2086 379.0
2087 507.0
2088 1047.0
2089 49.0
2090 379.0
2091 268.0
2092 507.0
2093 268.0
2094 1019.0
2095 379.0
2096 1019.0
2097 379.0
2098 49.0
2099 4.0
2100 507.0
2101 507.0
2102 507.0
2103 507.0
2104 507.0
2105 507.0
2106 324.0
2107 1019.0
2108 115.0
2109 507.0
2110 379.0
2111 1067.0
2112 379.0
2113 507.0
2114 379.0
2115 98.0
2116 1019.0
2117 379.0
2118 379.0
2119 410.0
2120 507.0
2121 1455.0
2122 1455.0
2123 1419.0
2124 1419.0
2125 1419.0
2126 1419.0
2127 1419.0
2128 1419.0
2129 1419.0
2130 1419.0
2131 1419.0
2132 1419.0
2133 1419.0
2134 1419.0
2135 1419.0
2136 1419.0
2137 1419.0
2138 1419.0
2139 1371.0
2140 1371.0
2141 1355.0
2142 1355.0
2143 1083.0
2144 1083.0
2145 1083.0
2146 1083.0
2147 1083.0
2148 1067.0
2149 1067.0
2150 1067.0
2151 1067.0
2152 1067.0
2153 1067.0
2154 1067.0
2155 1067.0
2156 1067.0
2157 1067.0
2158 1067.0
2159 1067.0
2160 1051.0
2161 1047.0
2162 1040.0
2163 1019.0
2164 1019.0
2165 1019.0
2166 1019.0
2167 1019.0
2168 1019.0
2169 1019.0
2170 1019.0
2171 1019.0
2172 1019.0
2173 3.0
2174 587.0
2175 158.0
2176 1019.0
2177 1019.0
2178 379.0
2179 379.0
2180 1419.0
2181 1419.0
2182 1419.0
2183 1419.0
2184 1019.0
2185 508.0
2186 158.0
2187 699.0
2188 358.0
2189 49.0
2190 17.0
2191 60.0
2192 1019.0
2193 1067.0
2194 38.0
2195 38.0
2196 699.0
2197 379.0
2198 379.0
2199 507.0
2200 1019.0
2201 1019.0
2202 420.0
2203 354.0
2204 379.0
2205 1083.0
2206 379.0
2207 507.0
2208 49.0
2209 1019.0
2210 379.0
2211 379.0
2212 379.0
2213 1019.0
2214 39.0
2215 267.0
2216 1019.0
2217 1051.0
2218 379.0
2219 1019.0
2220 379.0
2221 1019.0
2222 1455.0
2223 1455.0
2224 1419.0
2225 1419.0
2226 1419.0
2227 1419.0
2228 1419.0
2229 1419.0
2230 1419.0
2231 1419.0
2232 1419.0
2233 1419.0
2234 1419.0
2235 1419.0
2236 1419.0
2237 1419.0
2238 1419.0
2239 1419.0
2240 1419.0
2241 1419.0
2242 1419.0
2243 1419.0
2244 1371.0
2245 1371.0
2246 1355.0
2247 1355.0
2248 1083.0
2249 1083.0
2250 1083.0
2251 1083.0
2252 1083.0
2253 1083.0
2254 1067.0
2255 1067.0
2256 1067.0
2257 1067.0
2258 1067.0
2259 1067.0
2260 1067.0
2261 1067.0
2262 1067.0
2263 1067.0
2264 1067.0
2265 1067.0
2266 1067.0
2267 1051.0
2268 1051.0
2269 1047.0
2270 1040.0
2271 1019.0
2272 1019.0
2273 379.0
2274 977.0
2275 38.0
2276 28.0
2277 1019.0
2278 267.0
2279 379.0
2280 379.0
2281 267.0
2282 379.0
2283 6.0
2284 60.0
2285 997.0
2286 699.0
2287 6.0
2288 379.0
2289 507.0
2290 60.0
2291 308.0
2292 169.0
2293 1019.0
2294 1019.0
2295 365.0
2296 507.0
2297 379.0
2298 38.0
2299 1083.0
2300 38.0
2301 60.0
2302 147.0
2303 379.0
2304 267.0
2305 1067.0
2306 1067.0
2307 379.0
2308 1051.0
2309 169.0
2310 1019.0
2311 380.0
2312 1019.0
2313 1006.0
2314 1019.0
2315 267.0
2316 507.0
2317 507.0
2318 507.0
2319 957.0
2320 1012.0
2321 60.0
2322 1019.0
2323 1455.0
2324 1455.0
2325 1419.0
2326 1419.0
2327 1419.0
2328 1419.0
2329 1419.0
2330 1419.0
2331 1419.0
2332 1419.0
2333 1419.0
2334 1419.0
2335 1419.0
2336 1419.0
2337 1419.0
2338 1419.0
2339 1419.0
2340 1419.0
2341 1419.0
2342 1419.0
2343 1419.0
2344 1419.0
2345 1371.0
2346 1371.0
2347 1355.0
2348 1355.0
2349 1083.0
2350 1083.0
2351 1083.0
2352 1083.0
2353 1083.0
2354 1083.0
2355 1083.0
2356 1067.0
2357 1067.0
2358 1067.0
2359 1067.0
2360 1067.0
2361 1067.0
2362 1067.0
2363 1067.0
2364 1067.0
2365 1067.0
2366 1067.0
2367 1067.0
2368 1067.0
2369 1067.0
2370 1067.0
2371 1051.0
2372 1051.0
2373 1051.0
2374 267.0
2375 379.0
2376 379.0
2377 49.0
2378 49.0
2379 379.0
2380 1083.0
2381 420.0
2382 1032.0
2383 376.0
2384 1083.0
2385 267.0
2386 507.0
2387 989.0
2388 49.0
2389 380.0
2390 507.0
2391 38.0
2392 104.0
2393 1371.0
2394 507.0
2395 507.0
2396 1019.0
2397 1019.0
2398 507.0
2399 507.0
2400 1019.0
2401 931.0
2402 32.0
2403 507.0
2404 38.0
2405 507.0
2406 324.0
2407 1019.0
2408 60.0
2409 1019.0
2410 587.0
2411 3.0
2412 49.0
2413 997.0
2414 268.0
2415 379.0
2416 267.0
2417 379.0
2418 507.0
2419 28.0
2420 379.0
2421 1019.0
2422 1419.0
2423 267.0
2424 1455.0
2425 1455.0
2426 1419.0
2427 1419.0
2428 1419.0
2429 1419.0
2430 1419.0
2431 1419.0
2432 1419.0
2433 1419.0
2434 1419.0
2435 1419.0
2436 1419.0
2437 1419.0
2438 1419.0
2439 1419.0
2440 1419.0
2441 1419.0
2442 1419.0
2443 1419.0
2444 1419.0
2445 1419.0
2446 1419.0
2447 1371.0
2448 1371.0
2449 1371.0
2450 1355.0
2451 1355.0
2452 1083.0
2453 1083.0
2454 1083.0
2455 1083.0
2456 1083.0
2457 1083.0
2458 1083.0
2459 1083.0
2460 1083.0
2461 1067.0
2462 1067.0
2463 1067.0
2464 1067.0
2465 1067.0
2466 1067.0
2467 1067.0
2468 1067.0
2469 1067.0
2470 1067.0
2471 1067.0
2472 1067.0
2473 1067.0
2474 1067.0
2475 0.0
2476 1419.0
2477 379.0
2478 60.0
2479 507.0
2480 49.0
2481 1067.0
2482 1019.0
2483 268.0
2484 169.0
2485 1032.0
2486 1067.0
2487 60.0
2488 267.0
2489 0.0
2490 1083.0
2491 699.0
2492 1067.0
2493 267.0
2494 699.0
2495 324.0
2496 507.0
2497 507.0
2498 948.0
2499 25.0
2500 23.0
2501 1019.0
2502 180.0
2503 507.0
2504 380.0
2505 1067.0
2506 507.0
2507 379.0
2508 380.0
2509 507.0
2510 379.0
2511 267.0
2512 379.0
2513 997.0
2514 507.0
2515 6.0
2516 38.0
2517 39.0
2518 1019.0
2519 379.0
2520 507.0
2521 267.0
2522 28.0
2523 507.0
2524 1019.0
2525 1455.0
2526 1455.0
2527 1419.0
2528 1419.0
2529 1419.0
2530 1419.0
2531 1419.0
2532 1419.0
2533 1419.0
2534 1419.0
2535 1419.0
2536 1419.0
2537 1419.0
2538 1419.0
2539 1419.0
2540 1419.0
2541 1419.0
2542 1419.0
2543 1419.0
2544 1419.0
2545 1419.0
2546 1419.0
2547 1419.0
2548 1419.0
2549 1371.0
2550 1371.0
2551 1371.0
2552 1355.0
2553 1355.0
2554 1083.0
2555 1083.0
2556 1083.0
2557 1083.0
2558 1083.0
2559 1083.0
2560 1083.0
2561 1083.0
2562 1083.0
2563 1083.0
2564 1067.0
2565 1067.0
2566 1067.0
2567 1067.0
2568 1067.0
2569 1067.0
2570 1067.0
2571 1067.0
2572 1067.0
2573 1067.0
2574 1067.0
2575 1067.0
2576 0.0
2577 1419.0
2578 379.0
2579 16.0
2580 507.0
2581 507.0
2582 1019.0
2583 6.0
2584 1019.0
2585 268.0
2586 379.0
2587 36.0
2588 1019.0
2589 420.0
2590 49.0
2591 1019.0
2592 267.0
2593 491.0
2594 699.0
2595 507.0
2596 28.0
2597 507.0
2598 507.0
2599 1419.0
2600 379.0
2601 38.0
2602 1032.0
2603 379.0
2604 1067.0
2605 380.0
2606 17.0
2607 1419.0
2608 43.0
2609 38.0
2610 267.0
2611 507.0
2612 957.0
2613 2.0
2614 587.0
2615 1019.0
2616 0.0
2617 1027.0
2618 357.0
2619 379.0
2620 1067.0
2621 1019.0
2622 507.0
2623 324.0
2624 359.0
2625 1019.0
