1 26.0
2 379.0
3 60.0
4 32.0
5 38.0
6 20.0
7 0.0
8 0.0
9 38.0
10 0.0
11 32.0
12 115.0
13 267.0
14 82.0
15 104.0
16 354.0
17 564.0
18 14.0
19 32.0
20 0.0
21 25.0
22 32.0
23 0.0
24 0.0
25 0.0
26 268.0
27 0.0
28 32.0
29 267.0
30 98.0
31 28.0
32 0.0
33 267.0
34 32.0
35 49.0
36 17.0
37 0.0
38 0.0
39 147.0
40 0.0
41 142.0
42 32.0
43 25.0
44 32.0
45 43.0
46 0.0
47 49.0
48 0.0
49 0.0
50 0.0
51 26.0
52 32.0
53 44.0
54 32.0
55 25.0
56 32.0
57 0.0
58 32.0
59 379.0
60 32.0
61 0.0
62 92.0
63 33.0
64 0.0
65 32.0
66 104.0
67 0.0
68 0.0
69 0.0
70 38.0
71 0.0
72 0.0
73 268.0
74 0.0
75 0.0
76 153.0
77 19.0
78 32.0
79 44.0
80 136.0
81 32.0
82 0.0
83 32.0
84 0.0
85 147.0
86 0.0
87 17.0
88 32.0
89 30.0
90 0.0
91 267.0
92 0.0
93 25.0
94 25.0
95 54.0
96 0.0
97 700.0
98 0.0
99 32.0
100 44.0
101 700.0
102 700.0
103 564.0
104 379.0
105 379.0
106 354.0
107 268.0
108 268.0
109 267.0
110 267.0
111 267.0
112 267.0
113 153.0
114 147.0
115 147.0
116 142.0
117 136.0
118 115.0
119 104.0
120 104.0
121 98.0
122 92.0
123 82.0
124 60.0
125 54.0
126 49.0
127 49.0
128 44.0
129 44.0
130 44.0
131 43.0
132 38.0
133 38.0
134 38.0
135 33.0
136 32.0
137 32.0
138 32.0
139 32.0
140 32.0
141 32.0
142 32.0
143 32.0
144 32.0
145 32.0
146 32.0
147 32.0
148 32.0
149 32.0
150 32.0
151 32.0
152 104.0
153 0.0
154 267.0
155 20.0
156 93.0
157 268.0
158 32.0
159 32.0
160 158.0
161 32.0
162 32.0
163 147.0
164 136.0
165 71.0
166 0.0
167 82.0
168 33.0
169 33.0
170 0.0
171 32.0
172 32.0
173 33.0
174 60.0
175 87.0
176 267.0
177 38.0
178 32.0
179 104.0
180 38.0
181 38.0
182 0.0
183 0.0
184 49.0
185 44.0
186 32.0
187 115.0
188 32.0
189 33.0
190 0.0
191 0.0
192 32.0
193 32.0
194 32.0
195 1.0
196 32.0
197 0.0
198 32.0
199 32.0
200 0.0
201 32.0
202 700.0
203 700.0
204 564.0
205 379.0
206 379.0
207 354.0
208 268.0
209 268.0
210 268.0
211 267.0
212 267.0
213 267.0
214 267.0
215 267.0
216 267.0
217 158.0
218 153.0
219 147.0
220 147.0
221 147.0
222 142.0
223 136.0
224 136.0
225 115.0
226 115.0
227 104.0
228 104.0
229 104.0
230 104.0
231 98.0
232 93.0
233 92.0
234 87.0
235 82.0
236 82.0
237 71.0
238 60.0
239 60.0
240 54.0
241 49.0
242 49.0
243 49.0
244 44.0
245 44.0
246 44.0
247 44.0
248 43.0
249 38.0
250 38.0
251 38.0
252 38.0
253 136.0
254 32.0
255 38.0
256 267.0
257 49.0
258 379.0
259 447.0
260 32.0
261 1.0
262 93.0
263 60.0
264 0.0
265 267.0
266 267.0
267 38.0
268 379.0
269 38.0
270 379.0
271 379.0
272 30.0
273 169.0
274 136.0
275 98.0
276 4.0
277 49.0
278 92.0
279 82.0
280 98.0
281 32.0
282 87.0
283 267.0
284 92.0
285 380.0
286 87.0
287 120.0
288 6.0
289 38.0
290 104.0
291 93.0
292 0.0
293 0.0
294 32.0
295 38.0
296 0.0
297 60.0
298 0.0
299 49.0
300 0.0
301 32.0
302 32.0
303 700.0
304 700.0
305 564.0
306 447.0
307 380.0
308 379.0
309 379.0
310 379.0
311 379.0
312 379.0
313 379.0
314 354.0
315 268.0
316 268.0
317 268.0
318 267.0
319 267.0
320 267.0
321 267.0
322 267.0
323 267.0
324 267.0
325 267.0
326 267.0
327 267.0
328 169.0
329 158.0
330 153.0
331 147.0
332 147.0
333 147.0
334 142.0
335 136.0
336 136.0
337 136.0
338 136.0
339 120.0
340 115.0
341 115.0
342 104.0
343 104.0
344 104.0
345 104.0
346 104.0
347 98.0
348 98.0
349 98.0
350 93.0
351 93.0
352 93.0
353 92.0
354 14.0
355 324.0
356 507.0
357 208.0
358 38.0
359 104.0
360 379.0
361 147.0
362 142.0
363 32.0
364 158.0
365 267.0
366 268.0
367 93.0
368 267.0
369 169.0
370 0.0
371 30.0
372 368.0
373 32.0
374 267.0
375 366.0
376 32.0
377 92.0
378 380.0
379 17.0
380 38.0
381 32.0
382 93.0
383 379.0
384 251.0
385 158.0
386 142.0
387 32.0
388 32.0
389 0.0
390 109.0
391 32.0
392 98.0
393 38.0
394 49.0
395 32.0
396 125.0
397 379.0
398 158.0
399 6.0
400 32.0
401 82.0
402 44.0
403 92.0
404 700.0
405 700.0
406 564.0
407 507.0
408 447.0
409 380.0
410 380.0
411 379.0
412 379.0
413 379.0
414 379.0
415 379.0
416 379.0
417 379.0
418 379.0
419 379.0
420 368.0
421 366.0
422 354.0
423 324.0
424 268.0
425 268.0
426 268.0
427 268.0
428 267.0
429 267.0
430 267.0
431 267.0
432 267.0
433 267.0
434 267.0
435 267.0
436 267.0
437 267.0
438 267.0
439 267.0
440 267.0
441 251.0
442 208.0
443 169.0
444 169.0
445 158.0
446 158.0
