1 0.0
2 379.0
3 14.0
4 92.0
5 268.0
6 6.0
7 507.0
8 0.0
9 109.0
10 169.0
11 33.0
12 268.0
13 268.0
14 420.0
15 0.0
16 25.0
17 0.0
18 0.0
19 0.0
20 30.0
21 32.0
22 14.0
23 3.0
24 379.0
25 12.0
26 0.0
27 76.0
28 0.0
29 32.0
30 30.0
31 19.0
32 1.0
33 268.0
34 32.0
35 25.0
36 142.0
37 0.0
38 3.0
39 32.0
40 32.0
41 0.0
42 136.0
43 76.0
44 0.0
45 0.0
46 32.0
47 0.0
48 1067.0
49 0.0
50 82.0
51 0.0
52 28.0
53 32.0
54 92.0
55 267.0
56 0.0
57 104.0
58 0.0
59 158.0
60 32.0
61 33.0
62 268.0
63 136.0
64 25.0
65 0.0
66 338.0
67 0.0
68 0.0
69 32.0
70 30.0
71 267.0
72 32.0
73 49.0
74 92.0
75 33.0
76 87.0
77 33.0
78 142.0
79 354.0
80 20.0
81 125.0
82 147.0
83 32.0
84 114.0
85 3.0
86 25.0
87 0.0
88 25.0
89 0.0
90 32.0
91 0.0
92 267.0
93 147.0
94 0.0
95 32.0
96 38.0
97 0.0
98 32.0
99 0.0
100 207.0
101 1067.0
102 1067.0
103 507.0
104 420.0
105 379.0
106 379.0
107 354.0
108 338.0
109 268.0
110 268.0
111 268.0
112 268.0
113 268.0
114 267.0
115 267.0
116 267.0
117 207.0
118 169.0
119 158.0
120 147.0
121 147.0
122 142.0
123 142.0
124 136.0
125 136.0
126 125.0
127 114.0
128 109.0
129 104.0
130 92.0
131 92.0
132 92.0
133 87.0
134 82.0
135 76.0
136 76.0
137 49.0
138 38.0
139 33.0
140 33.0
141 33.0
142 33.0
143 32.0
144 32.0
145 32.0
146 32.0
147 32.0
148 32.0
149 32.0
150 32.0
151 32.0
152 267.0
153 32.0
154 267.0
155 379.0
156 0.0
157 365.0
158 109.0
159 19.0
160 33.0
161 14.0
162 355.0
163 38.0
164 158.0
165 1.0
166 32.0
167 33.0
168 158.0
169 32.0
170 32.0
171 0.0
172 38.0
173 49.0
174 38.0
175 136.0
176 0.0
177 0.0
178 82.0
179 267.0
180 1067.0
181 136.0
182 0.0
183 57.0
184 147.0
185 153.0
186 379.0
187 44.0
188 0.0
189 87.0
190 32.0
191 0.0
192 0.0
193 32.0
194 147.0
195 38.0
196 33.0
197 267.0
198 0.0
199 49.0
200 0.0
201 30.0
202 1067.0
203 1067.0
204 1067.0
205 507.0
206 420.0
207 379.0
208 379.0
209 379.0
210 379.0
211 365.0
212 355.0
213 354.0
214 338.0
215 268.0
216 268.0
217 268.0
218 268.0
219 268.0
220 267.0
221 267.0
222 267.0
223 267.0
224 267.0
225 267.0
226 267.0
227 207.0
228 169.0
229 158.0
230 158.0
231 158.0
232 153.0
233 147.0
234 147.0
235 147.0
236 147.0
237 142.0
238 142.0
239 136.0
240 136.0
241 136.0
242 136.0
243 125.0
244 114.0
245 109.0
246 109.0
247 104.0
248 92.0
249 92.0
250 92.0
251 87.0
252 87.0
253 379.0
254 379.0
255 33.0
256 25.0
257 0.0
258 0.0
259 115.0
260 147.0
261 379.0
262 32.0
263 267.0
264 54.0
265 267.0
266 142.0
267 32.0
268 32.0
269 136.0
270 32.0
271 32.0
272 147.0
273 33.0
274 1419.0
275 71.0
276 82.0
277 147.0
278 30.0
279 136.0
280 44.0
281 136.0
282 33.0
283 153.0
284 267.0
285 26.0
286 136.0
287 142.0
288 147.0
289 0.0
290 32.0
291 109.0
292 147.0
293 142.0
294 0.0
295 93.0
296 25.0
297 49.0
298 38.0
299 82.0
300 25.0
301 14.0
302 87.0
303 1419.0
304 1419.0
305 1067.0
306 1067.0
307 507.0
308 420.0
309 379.0
310 379.0
311 379.0
312 379.0
313 379.0
314 379.0
315 379.0
316 365.0
317 355.0
318 354.0
319 338.0
320 268.0
321 268.0
322 268.0
323 268.0
324 268.0
325 267.0
326 267.0
327 267.0
328 267.0
329 267.0
330 267.0
331 267.0
332 267.0
333 267.0
334 267.0
335 207.0
336 169.0
337 158.0
338 158.0
339 158.0
340 153.0
341 153.0
342 147.0
343 147.0
344 147.0
345 147.0
346 147.0
347 147.0
348 147.0
349 147.0
350 147.0
351 142.0
352 142.0
353 142.0
354 25.0
355 93.0
356 6.0
357 169.0
358 38.0
359 0.0
360 347.0
361 71.0
362 0.0
363 49.0
364 379.0
365 32.0
366 32.0
367 322.0
368 32.0
369 98.0
370 0.0
371 44.0
372 0.0
373 32.0
374 43.0
375 32.0
376 267.0
377 33.0
378 267.0
379 38.0
380 82.0
381 49.0
382 507.0
383 267.0
384 32.0
385 267.0
386 267.0
387 147.0
388 153.0
389 87.0
390 25.0
391 32.0
392 38.0
393 32.0
394 147.0
395 32.0
396 267.0
397 32.0
398 183.0
399 147.0
400 379.0
401 158.0
402 147.0
403 87.0
404 1419.0
405 1419.0
406 1067.0
407 1067.0
408 507.0
409 507.0
410 420.0
411 379.0
412 379.0
413 379.0
414 379.0
415 379.0
416 379.0
417 379.0
418 379.0
419 379.0
420 365.0
421 355.0
422 354.0
423 347.0
424 338.0
425 322.0
426 268.0
427 268.0
428 268.0
429 268.0
430 268.0
431 267.0
432 267.0
433 267.0
434 267.0
435 267.0
436 267.0
437 267.0
438 267.0
439 267.0
440 267.0
441 267.0
442 267.0
443 267.0
444 267.0
445 267.0
446 267.0
447 207.0
448 183.0
449 169.0
450 169.0
451 158.0
452 158.0
453 158.0
454 158.0
455 60.0
456 507.0
457 1019.0
458 267.0
459 32.0
460 38.0
461 32.0
462 93.0
463 507.0
464 251.0
465 507.0
466 38.0
467 136.0
468 71.0
469 0.0
470 349.0
471 344.0
472 32.0
473 38.0
474 54.0
475 32.0
476 267.0
477 136.0
478 82.0
479 163.0
480 32.0
481 33.0
482 32.0
483 98.0
484 32.0
485 125.0
486 0.0
487 38.0
488 267.0
489 485.0
490 0.0
491 267.0
492 136.0
493 267.0
494 32.0
495 1371.0
496 158.0
497 30.0
498 0.0
499 469.0
500 6.0
501 120.0
502 33.0
503 142.0
504 115.0
505 1419.0
506 1419.0
507 1371.0
508 1067.0
509 1067.0
510 1019.0
511 507.0
512 507.0
513 507.0
514 507.0
515 507.0
516 485.0
517 469.0
518 420.0
519 379.0
520 379.0
521 379.0
522 379.0
523 379.0
524 379.0
525 379.0
526 379.0
527 379.0
528 365.0
529 355.0
530 354.0
531 349.0
532 347.0
533 344.0
534 338.0
535 322.0
536 268.0
537 268.0
538 268.0
539 268.0
540 268.0
541 267.0
542 267.0
543 267.0
544 267.0
545 267.0
546 267.0
547 267.0
548 267.0
549 267.0
550 267.0
551 267.0
552 267.0
553 267.0
554 267.0
555 267.0
556 169.0
557 507.0
558 82.0
559 1019.0
560 267.0
561 268.0
562 267.0
563 38.0
564 104.0
565 38.0
566 379.0
567 169.0
568 0.0
569 379.0
570 32.0
571 380.0
572 32.0
573 82.0
574 1067.0
575 267.0
576 136.0
577 38.0
578 25.0
579 158.0
580 32.0
581 33.0
582 0.0
583 32.0
584 32.0
585 0.0
586 32.0
587 267.0
588 82.0
589 147.0
590 371.0
591 267.0
592 485.0
593 38.0
594 267.0
595 268.0
596 0.0
597 267.0
598 142.0
599 98.0
600 0.0
601 44.0
602 6.0
603 0.0
604 147.0
605 30.0
606 1419.0
607 1419.0
608 1371.0
609 1067.0
610 1067.0
611 1067.0
612 1019.0
613 1019.0
614 507.0
615 507.0
616 507.0
617 507.0
618 507.0
619 507.0
620 485.0
621 485.0
622 469.0
623 420.0
624 380.0
625 379.0
626 379.0
627 379.0
628 379.0
629 379.0
630 379.0
631 379.0
632 379.0
633 379.0
634 379.0
635 379.0
636 371.0
637 365.0
638 355.0
639 354.0
640 349.0
641 347.0
642 344.0
643 338.0
644 322.0
645 268.0
646 268.0
647 268.0
648 268.0
649 268.0
650 268.0
651 268.0
652 267.0
653 267.0
654 267.0
655 267.0
656 267.0
657 1019.0
658 32.0
659 32.0
660 379.0
661 354.0
662 267.0
663 379.0
664 32.0
665 0.0
666 82.0
667 115.0
668 32.0
669 49.0
670 267.0
671 507.0
672 169.0
673 380.0
674 379.0
675 3.0
676 104.0
677 136.0
678 507.0
679 507.0
680 33.0
681 87.0
682 379.0
683 87.0
684 38.0
685 322.0
686 945.0
687 32.0
688 38.0
689 0.0
690 38.0
691 461.0
692 338.0
693 87.0
694 278.0
695 32.0
696 147.0
697 1.0
698 0.0
699 379.0
700 33.0
701 360.0
702 98.0
703 0.0
704 267.0
705 49.0
706 33.0
707 1419.0
708 1419.0
709 1371.0
710 1067.0
711 1067.0
712 1067.0
713 1019.0
714 1019.0
715 1019.0
716 945.0
717 507.0
718 507.0
719 507.0
720 507.0
721 507.0
722 507.0
723 507.0
724 507.0
725 507.0
726 485.0
727 485.0
728 469.0
729 461.0
730 420.0
731 380.0
732 380.0
733 379.0
734 379.0
735 379.0
736 379.0
737 379.0
738 379.0
739 379.0
740 379.0
741 379.0
742 379.0
743 379.0
744 379.0
745 379.0
746 379.0
747 379.0
748 379.0
749 371.0
750 365.0
751 360.0
752 355.0
753 354.0
754 354.0
755 349.0
756 347.0
757 344.0
758 158.0
759 25.0
760 324.0
761 379.0
762 507.0
763 379.0
764 507.0
765 104.0
766 0.0
767 32.0
768 369.0
769 32.0
770 38.0
771 267.0
772 379.0
773 169.0
774 93.0
775 379.0
776 267.0
777 507.0
778 38.0
779 507.0
780 379.0
781 38.0
782 267.0
783 60.0
784 379.0
785 379.0
786 147.0
787 136.0
788 136.0
789 136.0
790 379.0
791 268.0
792 82.0
793 49.0
794 379.0
795 14.0
796 82.0
797 32.0
798 379.0
799 1083.0
800 38.0
801 0.0
802 82.0
803 371.0
804 32.0
805 44.0
806 30.0
807 379.0
808 1419.0
809 1419.0
810 1371.0
811 1083.0
812 1067.0
813 1067.0
814 1067.0
815 1019.0
816 1019.0
817 1019.0
818 945.0
819 507.0
820 507.0
821 507.0
822 507.0
823 507.0
824 507.0
825 507.0
826 507.0
827 507.0
828 507.0
829 507.0
830 507.0
831 507.0
832 485.0
833 485.0
834 469.0
835 461.0
836 420.0
837 380.0
838 380.0
839 379.0
840 379.0
841 379.0
842 379.0
843 379.0
844 379.0
845 379.0
846 379.0
847 379.0
848 379.0
849 379.0
850 379.0
851 379.0
852 379.0
853 379.0
854 379.0
855 379.0
856 379.0
857 379.0
858 379.0
859 0.0
860 158.0
861 507.0
862 267.0
863 1019.0
864 92.0
865 379.0
866 32.0
867 267.0
868 338.0
869 32.0
870 60.0
871 379.0
872 268.0
873 379.0
874 267.0
875 0.0
876 49.0
877 267.0
878 19.0
879 32.0
880 507.0
881 93.0
882 0.0
883 379.0
884 33.0
885 38.0
886 0.0
887 379.0
888 136.0
889 267.0
890 49.0
891 153.0
892 354.0
893 32.0
894 131.0
895 25.0
896 268.0
897 268.0
898 379.0
899 32.0
900 136.0
901 32.0
902 0.0
903 251.0
904 32.0
905 379.0
906 507.0
907 0.0
908 379.0
909 1419.0
910 1419.0
911 1371.0
912 1083.0
913 1067.0
914 1067.0
915 1067.0
916 1019.0
917 1019.0
918 1019.0
919 1019.0
920 945.0
921 507.0
922 507.0
923 507.0
924 507.0
925 507.0
926 507.0
927 507.0
928 507.0
929 507.0
930 507.0
931 507.0
932 507.0
933 507.0
934 507.0
935 507.0
936 507.0
937 485.0
938 485.0
939 469.0
940 461.0
941 420.0
942 380.0
943 380.0
944 379.0
945 379.0
946 379.0
947 379.0
948 379.0
949 379.0
950 379.0
951 379.0
952 379.0
953 379.0
954 379.0
955 379.0
956 379.0
957 379.0
958 379.0
959 379.0
960 379.0
961 507.0
962 208.0
963 267.0
964 82.0
965 267.0
966 0.0
967 699.0
968 380.0
969 507.0
970 49.0
971 379.0
972 379.0
973 379.0
974 507.0
975 507.0
976 0.0
977 32.0
978 379.0
979 49.0
980 30.0
981 267.0
982 267.0
983 25.0
984 142.0
985 49.0
986 379.0
987 507.0
988 38.0
989 169.0
990 38.0
991 6.0
992 379.0
993 379.0
994 379.0
995 0.0
996 0.0
997 32.0
998 32.0
999 17.0
1000 267.0
1001 507.0
1002 379.0
1003 32.0
1004 267.0
1005 362.0
1006 379.0
1007 82.0
1008 267.0
1009 379.0
1010 1419.0
1011 1419.0
1012 1371.0
1013 1083.0
1014 1067.0
1015 1067.0
1016 1067.0
1017 1019.0
1018 1019.0
1019 1019.0
1020 1019.0
1021 945.0
1022 699.0
1023 507.0
1024 507.0
1025 507.0
1026 507.0
1027 507.0
1028 507.0
1029 507.0
1030 507.0
1031 507.0
1032 507.0
1033 507.0
1034 507.0
1035 507.0
1036 507.0
1037 507.0
1038 507.0
1039 507.0
1040 507.0
1041 507.0
1042 507.0
1043 507.0
1044 507.0
1045 485.0
1046 485.0
1047 469.0
1048 461.0
1049 420.0
1050 380.0
1051 380.0
1052 380.0
1053 379.0
1054 379.0
1055 379.0
1056 379.0
1057 379.0
1058 379.0
1059 379.0
1060 379.0
1061 32.0
1062 379.0
1063 507.0
1064 92.0
1065 699.0
1066 507.0
1067 379.0
1068 376.0
1069 379.0
1070 1419.0
1071 268.0
1072 267.0
1073 98.0
1074 267.0
1075 32.0
1076 136.0
1077 49.0
1078 49.0
1079 379.0
1080 6.0
1081 0.0
1082 587.0
1083 507.0
1084 0.0
1085 379.0
1086 0.0
1087 267.0
1088 55.0
1089 93.0
1090 379.0
1091 0.0
1092 169.0
1093 60.0
1094 267.0
1095 354.0
1096 104.0
1097 1019.0
1098 33.0
1099 0.0
1100 267.0
1101 268.0
1102 380.0
1103 371.0
1104 0.0
1105 379.0
1106 507.0
1107 87.0
1108 0.0
1109 267.0
1110 355.0
1111 1419.0
1112 1419.0
1113 1419.0
1114 1371.0
1115 1083.0
1116 1067.0
1117 1067.0
1118 1067.0
1119 1019.0
1120 1019.0
1121 1019.0
1122 1019.0
1123 1019.0
1124 945.0
1125 699.0
1126 699.0
1127 587.0
1128 507.0
1129 507.0
1130 507.0
1131 507.0
1132 507.0
1133 507.0
1134 507.0
1135 507.0
1136 507.0
1137 507.0
1138 507.0
1139 507.0
1140 507.0
1141 507.0
1142 507.0
1143 507.0
1144 507.0
1145 507.0
1146 507.0
1147 507.0
1148 507.0
1149 507.0
1150 507.0
1151 507.0
1152 507.0
1153 507.0
1154 485.0
1155 485.0
1156 469.0
1157 461.0
1158 420.0
1159 380.0
1160 380.0
1161 380.0
1162 38.0
1163 699.0
1164 507.0
1165 33.0
1166 82.0
1167 376.0
1168 115.0
1169 1083.0
1170 379.0
1171 125.0
1172 267.0
1173 267.0
1174 1419.0
1175 267.0
1176 153.0
1177 44.0
1178 38.0
1179 32.0
1180 158.0
1181 82.0
1182 268.0
1183 267.0
1184 267.0
1185 142.0
1186 115.0
1187 136.0
1188 267.0
1189 366.0
1190 208.0
1191 1419.0
1192 147.0
1193 379.0
1194 49.0
1195 507.0
1196 0.0
1197 169.0
1198 1419.0
1199 0.0
1200 267.0
1201 379.0
1202 33.0
1203 14.0
1204 324.0
1205 153.0
1206 6.0
1207 379.0
1208 1019.0
1209 267.0
1210 0.0
1211 32.0
1212 1419.0
1213 1419.0
1214 1419.0
1215 1419.0
1216 1419.0
1217 1419.0
1218 1371.0
1219 1083.0
1220 1083.0
1221 1067.0
1222 1067.0
1223 1067.0
1224 1019.0
1225 1019.0
1226 1019.0
1227 1019.0
1228 1019.0
1229 1019.0
1230 945.0
1231 699.0
1232 699.0
1233 699.0
1234 587.0
1235 507.0
1236 507.0
1237 507.0
1238 507.0
1239 507.0
1240 507.0
1241 507.0
1242 507.0
1243 507.0
1244 507.0
1245 507.0
1246 507.0
1247 507.0
1248 507.0
1249 507.0
1250 507.0
1251 507.0
1252 507.0
1253 507.0
1254 507.0
1255 507.0
1256 507.0
1257 507.0
1258 507.0
1259 507.0
1260 507.0
1261 507.0
1262 507.0
1263 379.0
1264 49.0
1265 507.0
1266 0.0
1267 44.0
1268 32.0
1269 376.0
1270 207.0
1271 30.0
1272 379.0
1273 507.0
1274 38.0
1275 502.0
1276 379.0
1277 1019.0
1278 1083.0
1279 0.0
1280 0.0
1281 268.0
1282 379.0
1283 60.0
1284 43.0
1285 49.0
1286 507.0
1287 104.0
1288 377.0
1289 49.0
1290 379.0
1291 268.0
1292 0.0
1293 267.0
1294 32.0
1295 136.0
1296 32.0
1297 380.0
1298 507.0
1299 32.0
1300 93.0
1301 104.0
1302 311.0
1303 169.0
1304 379.0
1305 0.0
1306 0.0
1307 17.0
1308 268.0
1309 267.0
1310 158.0
1311 49.0
1312 136.0
1313 1419.0
1314 1419.0
1315 1419.0
1316 1419.0
1317 1419.0
1318 1419.0
1319 1371.0
1320 1083.0
1321 1083.0
1322 1083.0
1323 1067.0
1324 1067.0
1325 1067.0
1326 1019.0
1327 1019.0
1328 1019.0
1329 1019.0
1330 1019.0
1331 1019.0
1332 1019.0
1333 945.0
1334 699.0
1335 699.0
1336 699.0
1337 587.0
1338 507.0
1339 507.0
1340 507.0
1341 507.0
1342 507.0
1343 507.0
1344 507.0
1345 507.0
1346 507.0
1347 507.0
1348 507.0
1349 507.0
1350 507.0
1351 507.0
1352 507.0
1353 507.0
1354 507.0
1355 507.0
1356 507.0
1357 507.0
1358 507.0
1359 507.0
1360 507.0
1361 507.0
1362 507.0
1363 507.0
1364 32.0
1365 0.0
1366 267.0
1367 379.0
1368 60.0
1369 82.0
1370 338.0
1371 267.0
1372 507.0
1373 32.0
1374 380.0
1375 267.0
1376 32.0
1377 32.0
1378 379.0
1379 379.0
1380 38.0
1381 267.0
1382 32.0
1383 379.0
1384 6.0
1385 1019.0
1386 507.0
1387 163.0
1388 1419.0
1389 379.0
1390 379.0
1391 82.0
1392 379.0
1393 371.0
1394 163.0
1395 268.0
1396 32.0
1397 379.0
1398 6.0
1399 267.0
1400 267.0
1401 28.0
1402 32.0
1403 82.0
1404 448.0
1405 507.0
1406 44.0
1407 699.0
1408 267.0
1409 49.0
1410 379.0
1411 49.0
1412 136.0
1413 379.0
1414 1419.0
1415 1419.0
1416 1419.0
1417 1419.0
1418 1419.0
1419 1419.0
1420 1419.0
1421 1371.0
1422 1083.0
1423 1083.0
1424 1083.0
1425 1067.0
1426 1067.0
1427 1067.0
1428 1019.0
1429 1019.0
1430 1019.0
1431 1019.0
1432 1019.0
1433 1019.0
1434 1019.0
1435 1019.0
1436 945.0
1437 699.0
1438 699.0
1439 699.0
1440 699.0
1441 587.0
1442 507.0
1443 507.0
1444 507.0
1445 507.0
1446 507.0
1447 507.0
1448 507.0
1449 507.0
1450 507.0
1451 507.0
1452 507.0
1453 507.0
1454 507.0
1455 507.0
1456 507.0
1457 507.0
1458 507.0
1459 507.0
1460 507.0
1461 507.0
1462 507.0
1463 507.0
1464 507.0
1465 1019.0
1466 379.0
1467 17.0
1468 38.0
1469 379.0
1470 379.0
1471 1067.0
1472 379.0
1473 376.0
1474 17.0
1475 0.0
1476 1419.0
1477 32.0
1478 32.0
1479 43.0
1480 379.0
1481 267.0
1482 699.0
1483 366.0
1484 379.0
1485 32.0
1486 0.0
1487 379.0
1488 267.0
1489 6.0
1490 507.0
1491 587.0
1492 17.0
1493 93.0
1494 507.0
1495 1019.0
1496 32.0
1497 38.0
1498 32.0
1499 147.0
1500 0.0
1501 485.0
1502 267.0
1503 32.0
1504 1019.0
1505 379.0
1506 44.0
1507 1067.0
1508 60.0
1509 267.0
1510 371.0
1511 54.0
1512 268.0
1513 267.0
1514 379.0
1515 1419.0
1516 1419.0
1517 1419.0
1518 1419.0
1519 1419.0
1520 1419.0
1521 1419.0
1522 1419.0
1523 1371.0
1524 1083.0
1525 1083.0
1526 1083.0
1527 1067.0
1528 1067.0
1529 1067.0
1530 1067.0
1531 1067.0
1532 1019.0
1533 1019.0
1534 1019.0
1535 1019.0
1536 1019.0
1537 1019.0
1538 1019.0
1539 1019.0
1540 1019.0
1541 1019.0
1542 1019.0
1543 945.0
1544 699.0
1545 699.0
1546 699.0
1547 699.0
1548 699.0
1549 587.0
1550 587.0
1551 507.0
1552 507.0
1553 507.0
1554 507.0
1555 507.0
1556 507.0
1557 507.0
1558 507.0
1559 507.0
1560 507.0
1561 507.0
1562 507.0
1563 507.0
1564 507.0
1565 507.0
1566 507.0
1567 587.0
1568 49.0
1569 33.0
1570 43.0
1571 267.0
1572 379.0
1573 379.0
1574 267.0
1575 379.0
1576 25.0
1577 1019.0
1578 507.0
1579 49.0
1580 379.0
1581 158.0
1582 1083.0
1583 379.0
1584 38.0
1585 1019.0
1586 32.0
1587 379.0
1588 0.0
1589 267.0
1590 474.0
1591 699.0
1592 480.0
1593 0.0
1594 507.0
1595 33.0
1596 60.0
1597 956.0
1598 507.0
1599 379.0
1600 507.0
1601 267.0
1602 60.0
1603 0.0
1604 267.0
1605 379.0
1606 379.0
1607 30.0
1608 32.0
1609 1019.0
1610 267.0
1611 267.0
1612 1019.0
1613 507.0
1614 104.0
1615 158.0
