1 32.0
2 0.0
3 379.0
4 267.0
5 93.0
6 268.0
7 0.0
8 38.0
9 82.0
10 32.0
11 0.0
12 14.0
13 44.0
14 0.0
15 355.0
16 349.0
17 38.0
18 33.0
19 136.0
20 0.0
21 32.0
22 82.0
23 49.0
24 136.0
25 32.0
26 0.0
27 0.0
28 32.0
29 0.0
30 19.0
31 2.0
32 268.0
33 276.0
34 38.0
35 104.0
36 93.0
37 0.0
38 379.0
39 44.0
40 0.0
41 0.0
42 32.0
43 25.0
44 267.0
45 136.0
46 379.0
47 0.0
48 33.0
49 93.0
50 0.0
51 0.0
52 379.0
53 379.0
54 33.0
55 0.0
56 0.0
57 0.0
58 0.0
59 87.0
60 0.0
61 268.0
62 0.0
63 104.0
64 0.0
65 93.0
66 38.0
67 14.0
68 32.0
69 379.0
70 0.0
71 136.0
72 38.0
73 0.0
74 20.0
75 32.0
76 0.0
77 0.0
78 32.0
79 30.0
80 25.0
81 0.0
82 267.0
83 23.0
84 147.0
85 33.0
86 0.0
87 14.0
88 1019.0
89 38.0
90 32.0
91 0.0
92 32.0
93 25.0
94 267.0
95 268.0
96 0.0
97 0.0
98 0.0
99 142.0
100 158.0
101 1019.0
102 1019.0
103 379.0
104 379.0
105 379.0
106 379.0
107 379.0
108 379.0
109 355.0
110 349.0
111 276.0
112 268.0
113 268.0
114 268.0
115 268.0
116 267.0
117 267.0
118 267.0
119 267.0
120 158.0
121 147.0
122 142.0
123 136.0
124 136.0
125 136.0
126 136.0
127 104.0
128 104.0
129 93.0
130 93.0
131 93.0
132 93.0
133 87.0
134 82.0
135 82.0
136 49.0
137 44.0
138 44.0
139 38.0
140 38.0
141 38.0
142 38.0
143 38.0
144 38.0
145 33.0
146 33.0
147 33.0
148 33.0
149 32.0
150 32.0
151 32.0
152 131.0
153 17.0
154 379.0
155 305.0
156 59.0
157 507.0
158 32.0
159 44.0
160 32.0
161 32.0
162 268.0
163 376.0
164 0.0
165 93.0
166 93.0
167 57.0
168 33.0
169 267.0
170 32.0
171 6.0
172 43.0
173 158.0
174 267.0
175 163.0
176 32.0
177 0.0
178 44.0
179 153.0
180 267.0
181 0.0
182 32.0
183 109.0
184 38.0
185 32.0
186 0.0
187 49.0
188 44.0
189 379.0
190 0.0
191 0.0
192 38.0
193 0.0
194 33.0
195 30.0
196 98.0
197 0.0
198 32.0
199 32.0
200 38.0
201 60.0
202 1019.0
203 1019.0
204 507.0
205 379.0
206 379.0
207 379.0
208 379.0
209 379.0
210 379.0
211 379.0
212 379.0
213 376.0
214 355.0
215 349.0
216 305.0
217 276.0
218 268.0
219 268.0
220 268.0
221 268.0
222 268.0
223 267.0
224 267.0
225 267.0
226 267.0
227 267.0
228 267.0
229 267.0
230 163.0
231 158.0
232 158.0
233 153.0
234 147.0
235 142.0
236 136.0
237 136.0
238 136.0
239 136.0
240 131.0
241 109.0
242 104.0
243 104.0
244 98.0
245 93.0
246 93.0
247 93.0
248 93.0
249 93.0
250 93.0
251 87.0
252 82.0
253 267.0
254 267.0
255 158.0
256 379.0
257 379.0
258 379.0
259 49.0
260 136.0
261 0.0
262 147.0
263 30.0
264 0.0
265 379.0
266 267.0
267 0.0
268 507.0
269 32.0
270 30.0
271 0.0
272 267.0
273 267.0
274 30.0
275 32.0
276 32.0
277 136.0
278 33.0
279 379.0
280 49.0
281 153.0
282 136.0
283 98.0
284 365.0
285 32.0
286 0.0
287 0.0
288 136.0
289 33.0
290 25.0
291 104.0
292 93.0
293 0.0
294 33.0
295 43.0
296 267.0
297 32.0
298 33.0
299 268.0
300 158.0
301 98.0
302 82.0
303 1019.0
304 1019.0
305 507.0
306 507.0
307 379.0
308 379.0
309 379.0
310 379.0
311 379.0
312 379.0
313 379.0
314 379.0
315 379.0
316 379.0
317 379.0
318 379.0
319 379.0
320 376.0
321 365.0
322 355.0
323 349.0
324 305.0
325 276.0
326 268.0
327 268.0
328 268.0
329 268.0
330 268.0
331 268.0
332 267.0
333 267.0
334 267.0
335 267.0
336 267.0
337 267.0
338 267.0
339 267.0
340 267.0
341 267.0
342 267.0
343 267.0
344 267.0
345 163.0
346 158.0
347 158.0
348 158.0
349 158.0
350 153.0
351 153.0
352 147.0
353 147.0
354 379.0
355 0.0
356 379.0
357 3.0
358 32.0
359 507.0
360 163.0
361 507.0
362 268.0
363 32.0
364 311.0
365 32.0
366 30.0
367 49.0
368 267.0
369 267.0
370 469.0
371 379.0
372 55.0
373 379.0
374 49.0
375 0.0
376 6.0
377 379.0
378 507.0
379 268.0
380 267.0
381 87.0
382 33.0
383 38.0
384 208.0
385 274.0
386 32.0
387 379.0
388 49.0
389 267.0
390 32.0
391 131.0
392 93.0
393 0.0
394 0.0
395 32.0
396 379.0
397 137.0
398 507.0
399 115.0
400 379.0
401 93.0
402 33.0
403 379.0
404 1019.0
405 1019.0
406 507.0
407 507.0
408 507.0
409 507.0
410 507.0
411 507.0
412 469.0
413 379.0
414 379.0
415 379.0
416 379.0
417 379.0
418 379.0
419 379.0
420 379.0
421 379.0
422 379.0
423 379.0
424 379.0
425 379.0
426 379.0
427 379.0
428 379.0
429 379.0
430 379.0
431 379.0
432 379.0
433 379.0
434 379.0
435 376.0
436 365.0
437 355.0
438 349.0
439 311.0
440 305.0
441 276.0
442 274.0
443 268.0
444 268.0
445 268.0
446 268.0
447 268.0
448 268.0
449 268.0
450 268.0
451 267.0
452 267.0
453 267.0
454 267.0
455 131.0
456 355.0
457 379.0
458 267.0
459 0.0
460 0.0
461 12.0
462 38.0
463 32.0
464 267.0
465 507.0
466 267.0
467 507.0
468 0.0
469 0.0
470 379.0
471 32.0
472 251.0
473 268.0
474 267.0
475 25.0
476 82.0
477 14.0
478 508.0
479 1067.0
480 379.0
481 380.0
482 507.0
483 268.0
484 147.0
485 38.0
486 507.0
487 32.0
488 6.0
489 14.0
490 49.0
491 0.0
492 25.0
493 1.0
494 43.0
495 267.0
496 354.0
497 268.0
498 38.0
499 0.0
500 267.0
501 0.0
502 38.0
503 0.0
504 93.0
505 1067.0
506 1067.0
507 1019.0
508 508.0
509 507.0
510 507.0
511 507.0
512 507.0
513 507.0
514 507.0
515 507.0
516 507.0
517 507.0
518 507.0
519 469.0
520 380.0
521 379.0
522 379.0
523 379.0
524 379.0
525 379.0
526 379.0
527 379.0
528 379.0
529 379.0
530 379.0
531 379.0
532 379.0
533 379.0
534 379.0
535 379.0
536 379.0
537 379.0
538 379.0
539 379.0
540 379.0
541 379.0
542 379.0
543 379.0
544 379.0
545 379.0
546 376.0
547 365.0
548 355.0
549 355.0
550 354.0
551 349.0
552 311.0
553 305.0
554 276.0
555 274.0
556 507.0
557 0.0
558 379.0
559 38.0
560 158.0
561 379.0
562 267.0
563 267.0
564 485.0
565 17.0
566 0.0
567 380.0
568 136.0
569 1419.0
570 379.0
571 98.0
572 334.0
573 311.0
574 38.0
575 32.0
576 60.0
577 0.0
578 507.0
579 267.0
580 507.0
581 38.0
582 379.0
583 507.0
584 379.0
585 49.0
586 507.0
587 3.0
588 0.0
589 268.0
590 267.0
591 409.0
592 93.0
593 0.0
594 60.0
595 379.0
596 0.0
597 142.0
598 158.0
599 6.0
600 55.0
601 379.0
602 0.0
603 267.0
604 267.0
605 1.0
606 1419.0
607 1419.0
608 1067.0
609 1019.0
610 508.0
611 507.0
612 507.0
613 507.0
614 507.0
615 507.0
616 507.0
617 507.0
618 507.0
619 507.0
620 507.0
621 507.0
622 507.0
623 507.0
624 507.0
625 507.0
626 485.0
627 469.0
628 409.0
629 380.0
630 380.0
631 379.0
632 379.0
633 379.0
634 379.0
635 379.0
636 379.0
637 379.0
638 379.0
639 379.0
640 379.0
641 379.0
642 379.0
643 379.0
644 379.0
645 379.0
646 379.0
647 379.0
648 379.0
649 379.0
650 379.0
651 379.0
652 379.0
653 379.0
654 379.0
655 379.0
656 379.0
657 92.0
658 38.0
659 727.0
660 136.0
661 1019.0
662 60.0
663 267.0
664 267.0
665 0.0
666 158.0
667 322.0
668 38.0
669 508.0
670 32.0
671 32.0
672 380.0
673 158.0
674 12.0
675 507.0
676 268.0
677 267.0
678 507.0
679 507.0
680 379.0
681 379.0
682 169.0
683 32.0
684 257.0
685 158.0
686 25.0
687 0.0
688 379.0
689 147.0
690 136.0
691 507.0
692 379.0
693 93.0
694 44.0
695 308.0
696 267.0
697 0.0
698 379.0
699 0.0
700 0.0
701 32.0
702 379.0
703 507.0
704 25.0
705 379.0
706 267.0
707 1419.0
708 1419.0
709 1067.0
710 1019.0
711 1019.0
712 727.0
713 508.0
714 508.0
715 507.0
716 507.0
717 507.0
718 507.0
719 507.0
720 507.0
721 507.0
722 507.0
723 507.0
724 507.0
725 507.0
726 507.0
727 507.0
728 507.0
729 507.0
730 507.0
731 507.0
732 507.0
733 507.0
734 507.0
735 485.0
736 469.0
737 409.0
738 380.0
739 380.0
740 380.0
741 379.0
742 379.0
743 379.0
744 379.0
745 379.0
746 379.0
747 379.0
748 379.0
749 379.0
750 379.0
751 379.0
752 379.0
753 379.0
754 379.0
755 379.0
756 379.0
757 379.0
758 38.0
759 379.0
760 49.0
761 699.0
762 0.0
763 267.0
764 268.0
765 507.0
766 379.0
767 380.0
768 268.0
769 379.0
770 267.0
771 55.0
772 379.0
773 322.0
774 507.0
775 267.0
776 267.0
777 380.0
778 507.0
779 32.0
780 507.0
781 379.0
782 507.0
783 507.0
784 92.0
785 355.0
786 300.0
787 507.0
788 379.0
789 507.0
790 268.0
791 379.0
792 379.0
793 0.0
794 0.0
795 125.0
796 32.0
797 0.0
798 60.0
799 379.0
800 507.0
801 87.0
802 169.0
803 379.0
804 379.0
805 49.0
806 267.0
807 60.0
808 1419.0
809 1419.0
810 1067.0
811 1019.0
812 1019.0
813 727.0
814 699.0
815 508.0
816 508.0
817 507.0
818 507.0
819 507.0
820 507.0
821 507.0
822 507.0
823 507.0
824 507.0
825 507.0
826 507.0
827 507.0
828 507.0
829 507.0
830 507.0
831 507.0
832 507.0
833 507.0
834 507.0
835 507.0
836 507.0
837 507.0
838 507.0
839 507.0
840 507.0
841 507.0
842 507.0
843 507.0
844 507.0
845 507.0
846 485.0
847 469.0
848 409.0
849 380.0
850 380.0
851 380.0
852 380.0
853 380.0
854 379.0
855 379.0
856 379.0
857 379.0
858 379.0
859 587.0
860 87.0
861 267.0
862 267.0
863 380.0
864 507.0
865 267.0
866 507.0
867 507.0
868 38.0
869 379.0
870 0.0
871 507.0
872 379.0
873 507.0
874 298.0
875 379.0
876 267.0
877 507.0
878 208.0
879 380.0
880 309.0
881 507.0
882 379.0
883 267.0
884 507.0
885 379.0
886 268.0
887 0.0
888 169.0
889 507.0
890 354.0
891 322.0
892 507.0
893 267.0
894 147.0
895 267.0
896 379.0
897 464.0
898 507.0
899 49.0
900 508.0
901 33.0
902 380.0
903 268.0
904 38.0
905 379.0
906 30.0
907 507.0
908 311.0
909 1419.0
910 1419.0
911 1067.0
912 1019.0
913 1019.0
914 727.0
915 699.0
916 587.0
917 508.0
918 508.0
919 508.0
920 507.0
921 507.0
922 507.0
923 507.0
924 507.0
925 507.0
926 507.0
927 507.0
928 507.0
929 507.0
930 507.0
931 507.0
932 507.0
933 507.0
934 507.0
935 507.0
936 507.0
937 507.0
938 507.0
939 507.0
940 507.0
941 507.0
942 507.0
943 507.0
944 507.0
945 507.0
946 507.0
947 507.0
948 507.0
949 507.0
950 507.0
951 507.0
952 507.0
953 507.0
954 507.0
955 507.0
956 507.0
957 507.0
958 507.0
959 507.0
960 267.0
961 158.0
962 14.0
963 507.0
964 507.0
965 1067.0
966 268.0
967 431.0
968 6.0
969 507.0
970 415.0
971 33.0
972 38.0
973 268.0
974 1083.0
975 267.0
976 507.0
977 379.0
978 267.0
979 2.0
980 379.0
981 330.0
982 267.0
983 153.0
984 6.0
985 398.0
986 0.0
987 379.0
988 485.0
989 38.0
990 699.0
991 147.0
992 1019.0
993 44.0
994 32.0
995 267.0
996 507.0
997 268.0
998 32.0
999 54.0
1000 267.0
1001 507.0
1002 60.0
1003 60.0
1004 25.0
1005 267.0
1006 267.0
1007 32.0
1008 1019.0
1009 1419.0
1010 1419.0
1011 1419.0
1012 1419.0
1013 1083.0
1014 1067.0
1015 1067.0
1016 1019.0
1017 1019.0
1018 1019.0
1019 1019.0
1020 727.0
1021 699.0
1022 699.0
1023 587.0
1024 508.0
1025 508.0
1026 508.0
1027 507.0
1028 507.0
1029 507.0
1030 507.0
1031 507.0
1032 507.0
1033 507.0
1034 507.0
1035 507.0
1036 507.0
1037 507.0
1038 507.0
1039 507.0
1040 507.0
1041 507.0
1042 507.0
1043 507.0
1044 507.0
1045 507.0
1046 507.0
1047 507.0
1048 507.0
1049 507.0
1050 507.0
1051 507.0
1052 507.0
1053 507.0
1054 507.0
1055 507.0
1056 507.0
1057 507.0
1058 507.0
1059 507.0
1060 507.0
1061 32.0
1062 6.0
1063 507.0
1064 379.0
1065 379.0
1066 507.0
1067 49.0
1068 1419.0
1069 507.0
1070 379.0
1071 0.0
1072 1019.0
1073 379.0
1074 136.0
1075 44.0
1076 587.0
1077 38.0
1078 267.0
1079 324.0
1080 32.0
1081 507.0
1082 44.0
1083 104.0
1084 507.0
1085 507.0
1086 32.0
1087 1005.0
1088 507.0
1089 267.0
1090 54.0
1091 379.0
1092 268.0
1093 82.0
1094 507.0
1095 0.0
1096 1019.0
1097 38.0
1098 507.0
1099 379.0
1100 0.0
1101 507.0
1102 6.0
1103 32.0
1104 507.0
1105 485.0
1106 379.0
1107 137.0
1108 507.0
1109 1019.0
1110 267.0
1111 1419.0
1112 1419.0
1113 1419.0
1114 1419.0
1115 1083.0
1116 1067.0
1117 1067.0
1118 1019.0
1119 1019.0
1120 1019.0
1121 1019.0
1122 1019.0
1123 1019.0
1124 1019.0
1125 1005.0
1126 727.0
1127 699.0
1128 699.0
1129 587.0
1130 587.0
1131 508.0
1132 508.0
1133 508.0
1134 507.0
1135 507.0
1136 507.0
1137 507.0
1138 507.0
1139 507.0
1140 507.0
1141 507.0
1142 507.0
1143 507.0
1144 507.0
1145 507.0
1146 507.0
1147 507.0
1148 507.0
1149 507.0
1150 507.0
1151 507.0
1152 507.0
1153 507.0
1154 507.0
1155 507.0
1156 507.0
1157 507.0
1158 507.0
1159 507.0
1160 507.0
1161 507.0
1162 379.0
1163 1019.0
1164 25.0
1165 501.0
1166 1419.0
1167 32.0
1168 0.0
1169 1419.0
1170 43.0
1171 32.0
1172 169.0
1173 379.0
1174 379.0
1175 1419.0
1176 60.0
1177 267.0
1178 587.0
1179 379.0
1180 699.0
1181 268.0
1182 379.0
1183 0.0
1184 267.0
1185 420.0
1186 379.0
1187 587.0
1188 379.0
1189 212.0
1190 6.0
1191 267.0
1192 699.0
1193 507.0
1194 379.0
1195 365.0
1196 2.0
1197 267.0
1198 32.0
1199 17.0
1200 507.0
1201 158.0
1202 267.0
1203 379.0
1204 379.0
1205 379.0
1206 158.0
1207 0.0
1208 1.0
1209 268.0
1210 507.0
1211 32.0
1212 1419.0
1213 1419.0
1214 1419.0
1215 1419.0
1216 1419.0
1217 1419.0
1218 1419.0
1219 1083.0
1220 1067.0
1221 1067.0
1222 1019.0
1223 1019.0
1224 1019.0
1225 1019.0
1226 1019.0
1227 1019.0
1228 1019.0
1229 1019.0
1230 1005.0
1231 727.0
1232 699.0
1233 699.0
1234 699.0
1235 699.0
1236 587.0
1237 587.0
1238 587.0
1239 587.0
1240 508.0
1241 508.0
1242 508.0
1243 507.0
1244 507.0
1245 507.0
1246 507.0
1247 507.0
1248 507.0
1249 507.0
1250 507.0
1251 507.0
1252 507.0
1253 507.0
1254 507.0
1255 507.0
1256 507.0
1257 507.0
1258 507.0
1259 507.0
1260 507.0
1261 507.0
1262 507.0
1263 355.0
1264 324.0
1265 1419.0
1266 379.0
1267 267.0
1268 1019.0
1269 379.0
1270 699.0
1271 1067.0
1272 32.0
1273 1083.0
1274 60.0
1275 507.0
1276 17.0
1277 1019.0
1278 267.0
1279 104.0
1280 0.0
1281 507.0
1282 49.0
1283 379.0
1284 267.0
1285 379.0
1286 6.0
1287 502.0
1288 1067.0
1289 507.0
1290 49.0
1291 379.0
1292 507.0
1293 1067.0
1294 507.0
1295 459.0
1296 344.0
1297 366.0
1298 507.0
1299 92.0
1300 420.0
1301 43.0
1302 0.0
1303 507.0
1304 479.0
1305 0.0
1306 379.0
1307 379.0
1308 32.0
1309 163.0
1310 267.0
1311 507.0
1312 286.0
1313 1419.0
1314 1419.0
1315 1419.0
1316 1419.0
1317 1419.0
1318 1419.0
1319 1419.0
1320 1419.0
1321 1083.0
1322 1083.0
1323 1067.0
1324 1067.0
1325 1067.0
1326 1067.0
1327 1067.0
1328 1019.0
1329 1019.0
1330 1019.0
1331 1019.0
1332 1019.0
1333 1019.0
1334 1019.0
1335 1019.0
1336 1019.0
1337 1019.0
1338 1005.0
1339 727.0
1340 699.0
1341 699.0
1342 699.0
1343 699.0
1344 699.0
1345 587.0
1346 587.0
1347 587.0
1348 587.0
1349 508.0
1350 508.0
1351 508.0
1352 507.0
1353 507.0
1354 507.0
1355 507.0
1356 507.0
1357 507.0
1358 507.0
1359 507.0
1360 507.0
1361 507.0
1362 507.0
1363 507.0
1364 0.0
1365 507.0
1366 699.0
1367 49.0
1368 507.0
1369 1.0
1370 267.0
1371 32.0
1372 948.0
1373 1067.0
1374 158.0
1375 289.0
1376 1019.0
1377 268.0
1378 507.0
1379 379.0
1380 33.0
1381 267.0
1382 1067.0
1383 1067.0
1384 379.0
1385 699.0
1386 92.0
1387 267.0
1388 351.0
1389 267.0
1390 507.0
1391 699.0
1392 379.0
1393 38.0
1394 507.0
1395 507.0
1396 496.0
1397 379.0
1398 699.0
1399 32.0
1400 507.0
1401 379.0
1402 404.0
1403 587.0
1404 379.0
1405 379.0
1406 267.0
1407 267.0
1408 507.0
1409 379.0
1410 1419.0
1411 1.0
1412 49.0
1413 409.0
1414 1419.0
1415 1419.0
1416 1419.0
1417 1419.0
1418 1419.0
1419 1419.0
1420 1419.0
1421 1419.0
1422 1419.0
1423 1083.0
1424 1083.0
1425 1067.0
1426 1067.0
1427 1067.0
1428 1067.0
1429 1067.0
1430 1067.0
1431 1067.0
1432 1067.0
1433 1019.0
1434 1019.0
1435 1019.0
1436 1019.0
1437 1019.0
1438 1019.0
1439 1019.0
1440 1019.0
1441 1019.0
1442 1019.0
1443 1019.0
1444 1005.0
1445 948.0
1446 727.0
1447 699.0
1448 699.0
1449 699.0
1450 699.0
1451 699.0
1452 699.0
1453 699.0
1454 699.0
1455 699.0
1456 587.0
1457 587.0
1458 587.0
1459 587.0
1460 587.0
1461 508.0
1462 508.0
1463 508.0
1464 507.0
1465 38.0
1466 1019.0
1467 104.0
1468 507.0
1469 32.0
1470 508.0
1471 978.0
1472 267.0
1473 379.0
1474 587.0
1475 587.0
1476 507.0
1477 0.0
1478 267.0
1479 507.0
1480 366.0
1481 1017.0
1482 507.0
1483 916.0
1484 379.0
1485 1019.0
1486 379.0
1487 587.0
1488 6.0
1489 30.0
1490 507.0
1491 268.0
1492 267.0
1493 379.0
1494 17.0
1495 379.0
1496 163.0
1497 324.0
1498 1067.0
1499 699.0
1500 1067.0
1501 699.0
1502 1019.0
1503 379.0
1504 379.0
1505 1019.0
1506 335.0
1507 379.0
1508 507.0
1509 508.0
1510 377.0
1511 267.0
1512 377.0
1513 379.0
1514 380.0
1515 1419.0
1516 1419.0
1517 1419.0
1518 1419.0
1519 1419.0
1520 1419.0
1521 1419.0
1522 1419.0
1523 1419.0
1524 1083.0
1525 1083.0
1526 1067.0
1527 1067.0
1528 1067.0
1529 1067.0
1530 1067.0
1531 1067.0
1532 1067.0
1533 1067.0
1534 1067.0
1535 1067.0
1536 1019.0
1537 1019.0
1538 1019.0
1539 1019.0
1540 1019.0
1541 1019.0
1542 1019.0
1543 1019.0
1544 1019.0
1545 1019.0
1546 1019.0
1547 1019.0
1548 1019.0
1549 1019.0
1550 1019.0
1551 1017.0
1552 1005.0
1553 978.0
1554 948.0
1555 916.0
1556 727.0
1557 699.0
1558 699.0
1559 699.0
1560 699.0
1561 699.0
1562 699.0
1563 699.0
1564 699.0
1565 699.0
1566 17.0
1567 1019.0
1568 267.0
1569 420.0
1570 267.0
1571 1019.0
1572 1019.0
1573 916.0
1574 508.0
1575 0.0
1576 507.0
1577 376.0
1578 1067.0
1579 1419.0
1580 267.0
1581 158.0
1582 49.0
1583 1419.0
1584 507.0
1585 267.0
1586 380.0
1587 268.0
1588 28.0
1589 17.0
1590 1019.0
1591 1019.0
1592 379.0
1593 1419.0
1594 115.0
1595 379.0
1596 1019.0
1597 379.0
1598 267.0
1599 1083.0
1600 268.0
1601 267.0
1602 343.0
1603 267.0
1604 916.0
1605 308.0
1606 587.0
1607 379.0
1608 699.0
1609 699.0
1610 1019.0
1611 507.0
1612 699.0
1613 23.0
1614 1067.0
1615 464.0
1616 1419.0
1617 1419.0
1618 1419.0
1619 1419.0
1620 1419.0
1621 1419.0
1622 1419.0
1623 1419.0
1624 1419.0
1625 1419.0
1626 1419.0
1627 1419.0
1628 1083.0
1629 1083.0
1630 1083.0
1631 1067.0
1632 1067.0
1633 1067.0
1634 1067.0
1635 1067.0
1636 1067.0
1637 1067.0
1638 1067.0
1639 1067.0
1640 1067.0
1641 1067.0
1642 1067.0
1643 1019.0
1644 1019.0
1645 1019.0
1646 1019.0
1647 1019.0
1648 1019.0
1649 1019.0
1650 1019.0
1651 1019.0
1652 1019.0
1653 1019.0
1654 1019.0
1655 1019.0
1656 1019.0
1657 1019.0
1658 1019.0
1659 1019.0
1660 1019.0
1661 1019.0
1662 1019.0
1663 1019.0
1664 1019.0
1665 1017.0
1666 1005.0
1667 507.0
1668 379.0
1669 379.0
1670 507.0
1671 379.0
1672 379.0
1673 379.0
1674 1019.0
1675 6.0
1676 2.0
1677 158.0
1678 507.0
1679 379.0
1680 379.0
1681 355.0
1682 508.0
1683 948.0
1684 1083.0
1685 379.0
1686 32.0
1687 1019.0
1688 480.0
1689 49.0
1690 1019.0
1691 1019.0
1692 1067.0
1693 379.0
1694 1019.0
1695 1019.0
1696 43.0
1697 115.0
1698 267.0
1699 380.0
1700 507.0
1701 324.0
1702 1083.0
1703 379.0
1704 379.0
1705 1419.0
1706 420.0
1707 1019.0
1708 28.0
1709 0.0
1710 507.0
1711 379.0
1712 379.0
1713 267.0
1714 379.0
1715 28.0
1716 0.0
1717 1419.0
1718 1419.0
1719 1419.0
1720 1419.0
1721 1419.0
1722 1419.0
1723 1419.0
1724 1419.0
1725 1419.0
1726 1419.0
1727 1419.0
1728 1419.0
1729 1419.0
1730 1083.0
1731 1083.0
1732 1083.0
1733 1083.0
1734 1083.0
1735 1067.0
1736 1067.0
1737 1067.0
1738 1067.0
1739 1067.0
1740 1067.0
1741 1067.0
1742 1067.0
1743 1067.0
1744 1067.0
1745 1067.0
1746 1067.0
1747 1067.0
1748 1019.0
1749 1019.0
1750 1019.0
1751 1019.0
1752 1019.0
1753 1019.0
1754 1019.0
1755 1019.0
1756 1019.0
1757 1019.0
1758 1019.0
1759 1019.0
1760 1019.0
1761 1019.0
1762 1019.0
1763 1019.0
1764 1019.0
1765 1019.0
1766 1019.0
1767 1019.0
1768 1067.0
1769 28.0
1770 0.0
1771 49.0
1772 267.0
1773 1067.0
1774 1419.0
1775 1.0
1776 6.0
1777 379.0
1778 60.0
1779 267.0
1780 1019.0
1781 1019.0
1782 1083.0
1783 38.0
1784 379.0
1785 1019.0
1786 6.0
1787 1083.0
1788 1067.0
1789 379.0
1790 1067.0
1791 1419.0
1792 507.0
1793 507.0
1794 379.0
1795 25.0
1796 6.0
1797 267.0
1798 507.0
1799 32.0
1800 379.0
1801 1067.0
1802 379.0
1803 379.0
1804 6.0
1805 1019.0
1806 507.0
1807 1019.0
1808 379.0
1809 60.0
1810 267.0
1811 60.0
1812 379.0
1813 267.0
1814 699.0
1815 507.0
1816 267.0
1817 1019.0
1818 1419.0
1819 1419.0
1820 1419.0
1821 1419.0
1822 1419.0
1823 1419.0
1824 1419.0
1825 1419.0
1826 1419.0
1827 1419.0
1828 1419.0
1829 1419.0
1830 1419.0
1831 1419.0
1832 1419.0
1833 1083.0
1834 1083.0
1835 1083.0
1836 1083.0
1837 1083.0
1838 1083.0
1839 1083.0
1840 1067.0
1841 1067.0
1842 1067.0
1843 1067.0
1844 1067.0
1845 1067.0
1846 1067.0
1847 1067.0
1848 1067.0
1849 1067.0
1850 1067.0
1851 1067.0
1852 1067.0
1853 1067.0
1854 1067.0
1855 1067.0
1856 1067.0
1857 1067.0
1858 1019.0
1859 1019.0
1860 1019.0
1861 1019.0
1862 1019.0
1863 1019.0
1864 1019.0
1865 1019.0
1866 1019.0
1867 1019.0
1868 1019.0
1869 1019.0
1870 49.0
1871 699.0
1872 1019.0
1873 1067.0
1874 1419.0
1875 6.0
1876 6.0
1877 1067.0
1878 379.0
1879 25.0
1880 507.0
1881 1083.0
1882 587.0
1883 379.0
1884 507.0
1885 0.0
1886 1067.0
1887 379.0
1888 1067.0
1889 507.0
1890 379.0
1891 379.0
1892 49.0
1893 1019.0
1894 379.0
1895 1019.0
1896 1419.0
1897 379.0
1898 1019.0
1899 507.0
1900 507.0
1901 267.0
1902 379.0
1903 60.0
1904 267.0
1905 507.0
1906 1419.0
1907 60.0
1908 507.0
1909 507.0
1910 372.0
1911 1019.0
1912 379.0
1913 1019.0
1914 1019.0
1915 268.0
1916 1002.0
1917 1019.0
1918 507.0
1919 1419.0
1920 1419.0
1921 1419.0
1922 1419.0
1923 1419.0
1924 1419.0
1925 1419.0
1926 1419.0
1927 1419.0
1928 1419.0
1929 1419.0
1930 1419.0
1931 1419.0
1932 1419.0
1933 1419.0
1934 1419.0
1935 1419.0
1936 1419.0
1937 1083.0
1938 1083.0
1939 1083.0
1940 1083.0
1941 1083.0
1942 1083.0
1943 1083.0
1944 1083.0
1945 1067.0
1946 1067.0
1947 1067.0
1948 1067.0
1949 1067.0
1950 1067.0
1951 1067.0
1952 1067.0
1953 1067.0
1954 1067.0
1955 1067.0
1956 1067.0
1957 1067.0
1958 1067.0
1959 1067.0
1960 1067.0
1961 1067.0
1962 1067.0
1963 1067.0
1964 1067.0
1965 1067.0
1966 1067.0
1967 1019.0
1968 1019.0
1969 1019.0
1970 379.0
1971 0.0
1972 379.0
1973 1019.0
1974 0.0
1975 1419.0
1976 379.0
1977 379.0
1978 1018.0
1979 379.0
1980 6.0
1981 379.0
1982 507.0
1983 1019.0
1984 916.0
1985 507.0
1986 1019.0
1987 587.0
1988 508.0
1989 17.0
1990 1019.0
1991 366.0
1992 507.0
1993 507.0
1994 0.0
1995 379.0
1996 587.0
1997 507.0
1998 372.0
1999 379.0
2000 507.0
2001 507.0
2002 17.0
2003 1419.0
2004 366.0
2005 267.0
2006 997.0
2007 1083.0
2008 1019.0
2009 32.0
2010 6.0
2011 267.0
2012 33.0
2013 507.0
2014 0.0
2015 1067.0
2016 379.0
2017 267.0
2018 38.0
2019 267.0
2020 1419.0
2021 1419.0
2022 1419.0
2023 1419.0
2024 1419.0
2025 1419.0
2026 1419.0
2027 1419.0
2028 1419.0
2029 1419.0
2030 1419.0
2031 1419.0
2032 1419.0
2033 1419.0
2034 1419.0
2035 1419.0
2036 1419.0
2037 1419.0
2038 1419.0
2039 1419.0
2040 1083.0
2041 1083.0
2042 1083.0
2043 1083.0
2044 1083.0
2045 1083.0
2046 1083.0
2047 1083.0
2048 1083.0
2049 1067.0
2050 1067.0
2051 1067.0
2052 1067.0
2053 1067.0
2054 1067.0
2055 1067.0
2056 1067.0
2057 1067.0
2058 1067.0
2059 1067.0
2060 1067.0
2061 1067.0
2062 1067.0
2063 1067.0
2064 1067.0
2065 1067.0
2066 1067.0
2067 1067.0
2068 1067.0
2069 1067.0
2070 1067.0
2071 1019.0
2072 1419.0
2073 508.0
2074 507.0
2075 1019.0
2076 379.0
2077 507.0
2078 1019.0
2079 916.0
2080 1067.0
2081 1019.0
2082 507.0
2083 0.0
2084 32.0
2085 1067.0
2086 507.0
2087 38.0
2088 379.0
2089 267.0
2090 32.0
2091 699.0
2092 1019.0
2093 507.0
2094 507.0
2095 379.0
2096 1019.0
2097 267.0
2098 379.0
2099 507.0
2100 1019.0
2101 379.0
2102 507.0
2103 32.0
2104 153.0
2105 507.0
2106 507.0
2107 32.0
2108 507.0
2109 379.0
2110 587.0
2111 507.0
2112 1067.0
2113 1019.0
2114 379.0
2115 1419.0
2116 379.0
2117 1019.0
2118 268.0
2119 267.0
2120 1039.0
2121 1419.0
2122 1419.0
2123 1419.0
2124 1419.0
2125 1419.0
2126 1419.0
2127 1419.0
2128 1419.0
2129 1419.0
2130 1419.0
2131 1419.0
2132 1419.0
2133 1419.0
2134 1419.0
2135 1419.0
2136 1419.0
2137 1419.0
2138 1419.0
2139 1419.0
2140 1419.0
2141 1419.0
2142 1419.0
2143 1083.0
2144 1083.0
2145 1083.0
2146 1083.0
2147 1083.0
2148 1083.0
2149 1083.0
2150 1083.0
2151 1083.0
2152 1067.0
2153 1067.0
2154 1067.0
2155 1067.0
2156 1067.0
2157 1067.0
2158 1067.0
2159 1067.0
2160 1067.0
2161 1067.0
2162 1067.0
2163 1067.0
2164 1067.0
2165 1067.0
2166 1067.0
2167 1067.0
2168 1067.0
2169 1067.0
2170 1067.0
2171 1067.0
2172 916.0
2173 33.0
2174 1419.0
2175 28.0
2176 1419.0
2177 399.0
2178 1419.0
2179 1419.0
2180 379.0
2181 507.0
2182 379.0
2183 268.0
2184 268.0
2185 0.0
2186 17.0
2187 377.0
2188 379.0
2189 6.0
2190 17.0
2191 240.0
2192 379.0
2193 379.0
2194 1019.0
2195 1067.0
2196 267.0
2197 379.0
2198 420.0
2199 267.0
2200 507.0
2201 1019.0
2202 1019.0
2203 1019.0
2204 1419.0
2205 507.0
2206 1067.0
2207 507.0
2208 1067.0
2209 379.0
2210 1067.0
2211 267.0
2212 948.0
2213 38.0
2214 507.0
2215 587.0
2216 6.0
2217 507.0
2218 32.0
2219 38.0
2220 1019.0
2221 507.0
2222 1419.0
2223 1419.0
2224 1419.0
2225 1419.0
2226 1419.0
2227 1419.0
2228 1419.0
2229 1419.0
2230 1419.0
2231 1419.0
2232 1419.0
2233 1419.0
2234 1419.0
2235 1419.0
2236 1419.0
2237 1419.0
2238 1419.0
2239 1419.0
2240 1419.0
2241 1419.0
2242 1419.0
2243 1419.0
2244 1419.0
2245 1419.0
2246 1419.0
2247 1419.0
2248 1419.0
2249 1083.0
2250 1083.0
2251 1083.0
2252 1083.0
2253 1083.0
2254 1083.0
2255 1083.0
2256 1083.0
2257 1083.0
2258 1067.0
2259 1067.0
2260 1067.0
2261 1067.0
2262 1067.0
2263 1067.0
2264 1067.0
2265 1067.0
2266 1067.0
2267 1067.0
2268 1067.0
2269 1067.0
2270 1067.0
2271 1067.0
2272 1067.0
2273 379.0
2274 507.0
2275 1067.0
2276 379.0
2277 267.0
2278 379.0
2279 507.0
2280 1419.0
2281 699.0
2282 1067.0
2283 699.0
2284 1419.0
2285 1419.0
2286 0.0
2287 379.0
2288 1419.0
2289 1067.0
2290 507.0
2291 268.0
2292 55.0
2293 1019.0
2294 324.0
2295 507.0
2296 1419.0
2297 49.0
2298 379.0
2299 1044.0
2300 1419.0
2301 431.0
2302 380.0
2303 384.0
2304 267.0
2305 379.0
2306 699.0
2307 1067.0
2308 699.0
2309 948.0
2310 49.0
2311 699.0
2312 916.0
2313 169.0
2314 1019.0
2315 267.0
2316 268.0
2317 1019.0
2318 1019.0
2319 379.0
2320 379.0
2321 1067.0
2322 267.0
2323 1419.0
2324 1419.0
2325 1419.0
2326 1419.0
2327 1419.0
2328 1419.0
2329 1419.0
2330 1419.0
2331 1419.0
2332 1419.0
2333 1419.0
2334 1419.0
2335 1419.0
2336 1419.0
2337 1419.0
2338 1419.0
2339 1419.0
2340 1419.0
2341 1419.0
2342 1419.0
2343 1419.0
2344 1419.0
2345 1419.0
2346 1419.0
2347 1419.0
2348 1419.0
2349 1419.0
2350 1419.0
2351 1419.0
2352 1419.0
2353 1419.0
2354 1419.0
2355 1419.0
2356 1083.0
2357 1083.0
2358 1083.0
2359 1083.0
2360 1083.0
2361 1083.0
2362 1083.0
2363 1083.0
2364 1083.0
2365 1067.0
2366 1067.0
2367 1067.0
2368 1067.0
2369 1067.0
2370 1067.0
2371 1067.0
2372 1067.0
2373 1067.0
2374 6.0
2375 1019.0
2376 1067.0
2377 507.0
2378 38.0
2379 82.0
